resources/Input/dataET_point/Cavone/4/dem_4.asc
ncols         116
nrows         49
xllcorner     619008
yllcorner     4460696
cellsize      240
NODATA_value  -9999
[rows 0 to 38 of 49, columns 0 to 87 of 116]
-9999 -9999 -9999 -9999 -9999 -9999 -9999 -9999 -9999 -9999 -9999 -9999 -9999 -9999 -9999 -9999 -9999 -9999 -9999 -9999 -9999 -9999 -9999 -9999 -9999 -9999 -9999 -9999 -9999 -9999 -9999 -9999 -9999 -9999 -9999 -9999 -9999 -9999 -9999 -9999 -9999 -9999 -9999 -9999 -9999 -9999 -9999 -9999 -9999 -9999 -9999 -9999 350 340 355 360 345 337 340 327 -9999 -9999 -9999 -9999 -9999 -9999 -9999 -9999 -9999 -9999 -9999 -9999 -9999 -9999 -9999 -9999 -9999 -9999 -9999 -9999 -9999 -9999 -9999 -9999 -9999 -9999 -9999 -9999
-9999 -9999 -9999 -9999 -9999 -9999 -9999 -9999 -9999 -9999 -9999 -9999 -9999 -9999 -9999 -9999 -9999 -9999 -9999 -9999 -9999 -9999 -9999 -9999 -9999 -9999 -9999 -9999 -9999 -9999 -9999 -9999 -9999 -9999 -9999 -9999 -9999 -9999 -9999 -9999 -9999 -9999 -9999 -9999 -9999 -9999 -9999 -9999 -9999 -9999 -9999 -9999 312 250 290 335 313 318 308 290 255 -9999 -9999 -9999 -9999 -9999 -9999 -9999 -9999 -9999 -9999 -9999 -9999 -9999 -9999 -9999 -9999 -9999 -9999 -9999 -9999 -9999 -9999 -9999 -9999 -9999 -9999 -9999
-9999 -9999 -9999 -9999 -9999 -9999 -9999 -9999 -9999 -9999 -9999 -9999 -9999 -9999 -9999 -9999 -9999 -9999 -9999 -9999 -9999 -9999 -9999 -9999 -9999 -9999 -9999 -9999 -9999 -9999 -9999 -9999 -9999 -9999 -9999 -9999 -9999 -9999 -9999 -9999 -9999 -9999 -9999 -9999 -9999 -9999 -9999 -9999 -9999 195 200 230 270 233 240 290 285 258 240 238 220 213 232 -9999 -9999 -9999 -9999 -9999 -9999 -9999 -9999 -9999 -9999 -9999 -9999 -9999 -9999 -9999 -9999 -9999 -9999 -9999 -9999 -9999 -9999 -9999 -9999 -9999
-9999 -9999 -9999 -9999 -9999 -9999 -9999 -9999 -9999 -9999 -9999 -9999 -9999 -9999 -9999 -9999 -9999 -9999 -9999 -9999 -9999 -9999 -9999 -9999 -9999 -9999 -9999 -9999 -9999 -9999 -9999 -9999 -9999 -9999 -9999 -9999 -9999 -9999 -9999 -9999 -9999 -9999 -9999 -9999 -9999 -9999 -9999 -9999 -9999 137 157 203 202 193 197 225 232 225 233 178 175 190 272 278 -9999 -9999 -9999 -9999 -9999 -9999 -9999 -9999 -9999 -9999 -9999 -9999 -9999 -9999 -9999 -9999 -9999 -9999 -9999 -9999 -9999 -9999 -9999 -9999
-9999 223 220 220 233 229 236 240 245 253 -9999 -9999 -9999 -9999 -9999 -9999 -9999 -9999 -9999 -9999 -9999 -9999 -9999 -9999 -9999 -9999 -9999 -9999 -9999 -9999 -9999 -9999 -9999 -9999 -9999 -9999 -9999 -9999 -9999 -9999 -9999 -9999 -9999 -9999 -9999 -9999 -9999 -9999 157 123 165 200 155 158 182 188 168 165 170 175 133 185 202 275 -9999 -9999 -9999 -9999 -9999 -9999 -9999 -9999 -9999 -9999 -9999 -9999 -9999 -9999 -9999 -9999 -9999 -9999 -9999 -9999 -9999 -9999 -9999 -9999
-9999 234 207 207 208 208 210 210 220 268 293 310 -9999 -9999 -9999 -9999 -9999 -9999 -9999 -9999 -9999 -9999 -9999 -9999 -9999 -9999 -9999 -9999 -9999 -9999 -9999 -9999 -9999 -9999 -9999 -9999 -9999 -9999 -9999 -9999 -9999 -9999 -9999 -9999 -9999 -9999 -9999 -9999 -9999 115 145 125 137 162 183 127 150 112 123 137 112 140 190 245 -9999 -9999 -9999 -9999 -9999 -9999 -9999 -9999 -9999 -9999 -9999 -9999 -9999 -9999 -9999 -9999 -9999 -9999 -9999 -9999 -9999 -9999 -9999 -9999
230 220 230 222 207 202 198 183 190 230 260 288 312 -9999 -9999 -9999 -9999 -9999 -9999 -9999 -9999 -9999 -9999 -9999 -9999 -9999 -9999 -9999 -9999 -9999 -9999 -9999 -9999 -9999 -9999 -9999 -9999 -9999 -9999 -9999 -9999 -9999 -9999 -9999 -9999 -9999 -9999 -9999 123 110 118 113 153 145 165 112 125 95 96 98 125 152 228 250 -9999 -9999 -9999 -9999 -9999 -9999 -9999 -9999 -9999 -9999 -9999 -9999 -9999 -9999 -9999 -9999 -9999 -9999 -9999 -9999 -9999 -9999 -9999 -9999
240 245 240 225 230 227 230 202 180 190 222 272 307 325 -9999 -9999 -9999 -9999 -9999 -9999 183 -9999 -9999 -9999 -9999 -9999 -9999 -9999 -9999 -9999 -9999 -9999 -9999 -9999 -9999 -9999 -9999 -9999 -9999 -9999 -9999 -9999 -9999 -9999 -9999 -9999 78 92 87 93 128 112 127 127 140 103 100 93 135 127 140 190 230 268 -9999 -9999 -9999 -9999 -9999 -9999 -9999 -9999 -9999 -9999 -9999 -9999 -9999 -9999 -9999 -9999 -9999 -9999 -9999 -9999 -9999 -9999 -9999 -9999
250 273 250 228 200 198 210 216 180 175 203 238 270 293 284 315 -9999 260 232 188 158 158 183 200 -9999 -9999 -9999 -9999 -9999 -9999 -9999 -9999 -9999 -9999 -9999 -9999 -9999 -9999 -9999 -9999 -9999 -9999 -9999 -9999 -9999 -9999 73 85 73 87 87 93 93 106 95 92 97 90 107 97 108 132 197 265 255 -9999 -9999 -9999 -9999 -9999 -9999 -9999 -9999 -9999 -9999 -9999 -9999 -9999 -9999 -9999 -9999 -9999 -9999 -9999 -9999 -9999 -9999 -9999
-9999 282 260 215 206 209 180 170 170 165 175 190 219 242 260 277 260 255 200 185 137 137 133 140 135 -9999 -9999 -9999 127 -9999 -9999 -9999 -9999 -9999 -9999 -9999 -9999 -9999 -9999 -9999 -9999 -9999 -9999 -9999 -9999 -9999 68 68 70 84 82 88 88 92 90 82 78 88 90 98 110 127 192 230 253 254 -9999 -9999 -9999 -9999 -9999 -9999 -9999 -9999 -9999 -9999 -9999 -9999 -9999 -9999 -9999 -9999 -9999 -9999 -9999 -9999 -9999 -9999
-9999 286 258 234 224 232 184 180 180 163 150 170 175 220 210 220 220 232 168 145 132 140 148 115 118 133 122 125 113 132 -9999 -9999 -9999 -9999 -9999 -9999 -9999 -9999 -9999 -9999 -9999 -9999 -9999 -9999 -9999 -9999 82 68 68 90 90 82 83 83 75 80 77 73 80 103 102 157 158 175 220 256 -9999 -9999 -9999 -9999 -9999 -9999 -9999 -9999 -9999 -9999 -9999 -9999 -9999 -9999 -9999 -9999 -9999 -9999 -9999 -9999 -9999 -9999
-9999 -9999 273 235 235 218 209 206 175 182 158 150 150 173 180 182 170 173 142 123 117 119 140 128 110 125 135 98 100 122 135 -9999 -9999 -9999 -9999 -9999 -9999 -9999 -9999 -9999 -9999 -9999 -9999 -9999 -9999 -9999 88 65 67 88 73 73 80 73 75 100 100 76 73 79 92 118 120 140 220 256 -9999 -9999 242 233 230 225 208 207 204 202 198 -9999 -9999 -9999 -9999 -9999 -9999 -9999 -9999 -9999 -9999 -9999
-9999 -9999 -9999 -9999 239 235 250 232 190 200 165 165 140 140 150 150 169 138 117 117 117 107 98 98 98 108 133 117 95 120 108 135 128 135 120 105 95 127 88 -9999 -9999 -9999 -9999 -9999 -9999 100 98 65 70 95 65 63 75 73 73 95 87 77 70 77 83 87 90 130 195 250 250 253 237 228 223 213 206 203 204 201 195 190 -9999 -9999 -9999 -9999 -9999 -9999 -9999 -9999 -9999 -9999
-9999 -9999 -9999 -9999 -9999 -9999 -9999 240 210 200 175 183 142 140 135 130 132 127 138 127 120 110 98 102 95 93 92 100 90 93 97 112 117 100 98 90 75 74 72 72 71 70 -9999 -9999 -9999 59 59 59 68 100 63 59 67 85 73 88 103 76 67 77 90 74 85 108 110 140 237 252 236 232 200 203 205 201 200 201 193 180 180 -9999 -9999 -9999 -9999 -9999 -9999 -9999 -9999 -9999
-9999 -9999 -9999 -9999 -9999 -9999 -9999 248 215 220 215 175 180 185 165 127 127 135 120 113 110 110 115 125 100 94 95 92 88 85 83 90 98 87 74 72 70 70 68 68 67 67 67 66 59 63 65 65 59 59 59 59 59 65 73 78 107 73 62 72 78 72 60 80 90 120 160 208 220 182 145 180 206 200 200 190 180 175 175 167 162 160 154 148 145 143 141 141
-9999 -9999 -9999 -9999 -9999 -9999 -9999 -9999 -9999 233 233 175 178 180 140 150 140 145 140 120 135 135 125 103 97 103 112 104 113 100 85 80 80 77 73 70 70 83 76 72 98 95 68 60 64 65 64 64 65 65 64 64 62 59 59 73 75 68 60 67 65 63 60 70 80 93 108 133 130 120 90 160 205 202 202 198 190 185 175 165 158 156 155 152 145 143 137 135
-9999 -9999 -9999 -9999 -9999 -9999 -9999 -9999 -9999 -9999 232 196 198 160 160 156 160 140 135 128 135 127 112 100 110 110 115 110 128 110 98 87 85 85 78 90 88 75 90 95 90 118 83 70 63 61 61 61 62 61 61 62 61 59 59 63 66 53 57 62 60 57 58 65 70 72 73 100 77 71 80 158 195 202 202 198 185 180 168 162 155 152 148 148 147 146 142 137
-9999 -9999 -9999 -9999 -9999 -9999 -9999 -9999 -9999 -9999 225 223 182 170 178 165 170 168 135 160 155 127 103 115 112 125 123 112 112 87 85 85 105 135 82 90 102 75 92 125 98 97 112 99 75 74 73 61 61 61 61 61 62 61 61 59 48 48 55 52 52 53 60 62 62 63 59 58 60 63 77 115 127 162 200 197 185 174 165 159 151 148 142 139 138 142 142 141
-9999 -9999 -9999 -9999 -9999 -9999 -9999 -9999 -9999 -9999 -9999 210 198 212 195 196 192 158 157 160 142 125 110 125 125 142 123 100 87 87 100 85 93 127 85 88 97 80 113 128 105 100 135 125 115 88 73 77 63 63 65 87 73 61 55 50 50 48 48 48 48 48 60 61 57 60 55 53 57 55 62 77 80 104 145 185 185 170 162 156 151 148 143 137 141 140 141 133
-9999 -9999 -9999 -9999 -9999 -9999 -9999 -9999 -9999 -9999 -9999 -9999 -9999 235 210 215 178 157 177 178 137 120 115 123 133 110 107 89 87 107 110 92 127 118 87 93 100 90 125 135 127 110 158 162 140 95 82 88 73 100 93 72 70 65 62 60 54 50 50 50 51 48 50 45 50 53 45 38 52 50 56 60 60 72 82 115 155 167 158 151 148 150 141 133 141 139 133 130
-9999 -9999 -9999 -9999 -9999 -9999 -9999 -9999 -9999 -9999 -9999 -9999 -9999 -9999 -9999 225 208 175 212 190 160 128 122 132 140 100 93 89 90 108 105 98 127 110 90 94 100 90 95 112 128 110 153 184 160 128 108 95 98 78 68 67 62 62 68 80 58 56 54 52 52 45 45 42 42 42 45 38 45 48 53 52 53 57 55 68 140 165 159 157 148 143 135 127 138 138 137 135
-9999 -9999 -9999 -9999 -9999 -9999 -9999 -9999 -9999 -9999 -9999 -9999 -9999 -9999 -9999 -9999 -9999 206 207 190 163 128 135 140 135 98 95 100 100 100 125 120 124 100 97 112 123 90 98 98 115 137 120 175 207 203 135 112 93 102 98 70 62 70 65 78 60 55 63 57 53 52 50 52 52 45 42 39 38 46 46 50 49 47 45 75 140 164 158 154 150 144 142 128 125 127 131 130
-9999 -9999 -9999 -9999 -9999 -9999 -9999 -9999 -9999 -9999 -9999 -9999 -9999 -9999 -9999 -9999 -9999 -9999 198 168 140 145 152 135 113 112 98 112 115 100 130 132 140 98 110 137 125 100 115 132 112 145 138 160 200 232 168 115 115 85 68 68 65 77 70 63 57 55 60 53 52 52 50 55 50 48 48 44 38 38 38 42 42 40 43 47 90 135 157 151 148 144 142 141 137 125 125 118
-9999 -9999 -9999 -9999 -9999 -9999 -9999 -9999 -9999 -9999 -9999 -9999 -9999 -9999 -9999 -9999 -9999 -9999 192 187 158 145 158 135 128 120 98 117 100 100 122 140 130 98 108 150 140 105 112 135 123 147 165 158 177 218 195 157 140 85 75 95 77 68 65 64 68 58 55 64 63 65 62 68 50 48 52 48 46 44 37 37 42 38 42 40 63 80 120 138 147 145 125 139 137 133 140 136
-9999 -9999 -9999 -9999 -9999 -9999 -9999 -9999 -9999 -9999 -9999 -9999 -9999 -9999 -9999 -9999 -9999 -9999 -9999 188 187 162 160 135 120 128 108 135 112 113 110 132 140 100 112 132 152 120 120 133 135 137 165 188 212 208 195 145 100 85 100 110 87 80 98 73 78 60 70 68 68 87 72 90 70 48 73 49 46 44 42 37 37 37 37 38 48 50 95 132 140 128 108 120 126 140 141 138
-9999 -9999 -9999 -9999 -9999 -9999 -9999 -9999 -9999 -9999 -9999 -9999 -9999 -9999 -9999 -9999 -9999 -9999 -9999 -9999 188 185 173 145 125 132 115 125 132 118 120 118 137 110 132 140 152 133 137 137 133 142 180 180 167 163 137 140 90 85 100 107 105 93 102 87 75 73 90 95 100 90 90 90 102 65 67 50 52 48 46 44 44 43 37 38 45 47 70 110 120 110 102 87 88 122 128 127
-9999 -9999 -9999 -9999 -9999 -9999 -9999 -9999 -9999 -9999 -9999 -9999 -9999 -9999 -9999 -9999 -9999 -9999 -9999 -9999 -9999 -9999 193 140 135 138 135 124 135 125 130 125 145 118 127 175 180 150 148 170 175 155 170 165 165 135 125 100 98 105 95 135 120 93 125 110 85 100 100 95 87 80 75 75 75 62 62 62 50 50 50 50 50 37 37 37 37 37 50 62 100 125 113 112 87 75 100 112
-9999 -9999 -9999 -9999 -9999 -9999 -9999 -9999 -9999 -9999 -9999 -9999 -9999 -9999 -9999 -9999 -9999 -9999 -9999 -9999 -9999 -9999 185 185 165 155 160 135 155 135 150 125 140 150 150 135 145 150 160 -9999 -9999 205 220 225 200 170 140 120 120 140 98 140 135 115 125 105 98 120 110 115 115 110 105 75 75 62 50 50 50 50 50 50 75 62 38 37 37 37 37 38 50 80 87 100 100 87 60 65
-9999 -9999 -9999 -9999 -9999 -9999 -9999 -9999 -9999 -9999 -9999 -9999 -9999 -9999 -9999 -9999 -9999 -9999 -9999 -9999 -9999 -9999 -9999 185 195 190 160 135 155 145 155 140 178 175 180 185 172 165 160 -9999 -9999 -9999 -9999 260 230 160 168 135 135 115 120 115 130 155 150 120 140 155 135 165 150 150 120 100 100 87 70 60 50 62 62 62 75 75 62 38 37 37 37 37 37 45 55 55 65 60 50 50
-9999 -9999 -9999 -9999 -9999 -9999 -9999 -9999 -9999 -9999 -9999 -9999 -9999 -9999 -9999 -9999 -9999 -9999 -9999 -9999 -9999 -9999 -9999 -9999 -9999 -9999 185 170 185 170 170 172 160 -9999 -9999 -9999 -9999 -9999 -9999 -9999 -9999 -9999 -9999 -9999 220 185 175 170 145 150 145 128 115 125 165 170 178 205 200 220 215 180 170 125 112 75 87 75 75 87 100 87 88 87 100 62 38 37 37 37 37 37 37 37 37 37 37 37
-9999 -9999 -9999 -9999 -9999 -9999 -9999 -9999 -9999 -9999 -9999 -9999 -9999 -9999 -9999 -9999 -9999 -9999 -9999 -9999 -9999 -9999 -9999 -9999 -9999 -9999 -9999 -9999 -9999 -9999 -9999 -9999 -9999 -9999 -9999 -9999 -9999 -9999 -9999 -9999 -9999 -9999 -9999 -9999 -9999 -9999 195 200 198 195 170 155 130 135 150 200 235 265 250 280 255 230 215 150 125 100 88 75 95 112 137 125 145 145 137 87 50 50 37 37 37 37 37 37 37 37 37 37
-9999 -9999 -9999 -9999 -9999 -9999 -9999 -9999 -9999 -9999 -9999 -9999 -9999 -9999 -9999 -9999 -9999 -9999 -9999 -9999 -9999 -9999 -9999 -9999 -9999 -9999 -9999 -9999 -9999 -9999 -9999 -9999 -9999 -9999 -9999 -9999 -9999 -9999 -9999 -9999 -9999 -9999 -9999 -9999 -9999 -9999 -9999 -9999 -9999 225 215 185 165 185 165 215 295 292 292 280 280 278 235 187 175 137 100 112 113 150 180 175 195 187 162 115 100 88 45 37 37 37 37 37 45 50 50 50
-9999 -9999 -9999 -9999 -9999 -9999 -9999 -9999 -9999 -9999 -9999 -9999 -9999 -9999 -9999 -9999 -9999 -9999 -9999 -9999 -9999 -9999 -9999 -9999 -9999 -9999 -9999 -9999 -9999 -9999 -9999 -9999 -9999 -9999 -9999 -9999 -9999 -9999 -9999 -9999 -9999 -9999 -9999 -9999 -9999 -9999 -9999 -9999 -9999 -9999 -9999 -9999 -9999 -9999 205 225 295 -9999 290 282 278 280 260 212 187 150 130 150 162 200 220 212 200 187 162 112 100 100 87 50 37 50 75 87 62 62 63 70
-9999 -9999 -9999 -9999 -9999 -9999 -9999 -9999 -9999 -9999 -9999 -9999 -9999 -9999 -9999 -9999 -9999 -9999 -9999 -9999 -9999 -9999 -9999 -9999 -9999 -9999 -9999 -9999 -9999 -9999 -9999 -9999 -9999 -9999 -9999 -9999 -9999 -9999 -9999 -9999 -9999 -9999 -9999 -9999 -9999 -9999 -9999 -9999 -9999 -9999 -9999 -9999 -9999 -9999 -9999 -9999 295 -9999 -9999 285 270 270 260 213 187 162 175 187 212 213 212 187 187 175 150 125 100 62 50 49 75 100 130 125 100 112 100 87
-9999 -9999 -9999 -9999 -9999 -9999 -9999 -9999 -9999 -9999 -9999 -9999 -9999 -9999 -9999 -9999 -9999 -9999 -9999 -9999 -9999 -9999 -9999 -9999 -9999 -9999 -9999 -9999 -9999 -9999 -9999 -9999 -9999 -9999 -9999 -9999 -9999 -9999 -9999 -9999 -9999 -9999 -9999 -9999 -9999 -9999 -9999 -9999 -9999 -9999 -9999 -9999 -9999 -9999 -9999 -9999 -9999 -9999 -9999 286 280 248 238 227 212 175 200 212 225 206 200 187 175 137 125 100 100 87 62 50 63 125 130 130 125 122 120 120
-9999 -9999 -9999 -9999 -9999 -9999 -9999 -9999 -9999 -9999 -9999 -9999 -9999 -9999 -9999 -9999 -9999 -9999 -9999 -9999 -9999 -9999 -9999 -9999 -9999 -9999 -9999 -9999 -9999 -9999 -9999 -9999 -9999 -9999 -9999 -9999 -9999 -9999 -9999 -9999 -9999 -9999 -9999 -9999 -9999 -9999 -9999 -9999 -9999 -9999 -9999 -9999 -9999 -9999 -9999 -9999 -9999 -9999 -9999 290 275 268 258 225 213 175 145 140 140 163 162 175 185 137 88 87 87 62 50 50 55 125 130 132 125 125 130 130
-9999 -9999 -9999 -9999 -9999 -9999 -9999 -9999 -9999 -9999 -9999 -9999 -9999 -9999 -9999 -9999 -9999 -9999 -9999 -9999 -9999 -9999 -9999 -9999 -9999 -9999 -9999 -9999 -9999 -9999 -9999 -9999 -9999 -9999 -9999 -9999 -9999 -9999 -9999 -9999 -9999 -9999 -9999 -9999 -9999 -9999 -9999 -9999 -9999 -9999 -9999 -9999 -9999 -9999 -9999 -9999 -9999 -9999 -9999 -9999 276 260 248 212 200 175 175 175 145 137 125 125 150 138 125 112 87 75 50 50 85 95 112 125 125 130 130 100
-9999 -9999 -9999 -9999 -9999 -9999 -9999 -9999 -9999 -9999 -9999 -9999 -9999 -9999 -9999 -9999 -9999 -9999 -9999 -9999 -9999 -9999 -9999 -9999 -9999 -9999 -9999 -9999 -9999 -9999 -9999 -9999 -9999 -9999 -9999 -9999 -9999 -9999 -9999 -9999 -9999 -9999 -9999 -9999 -9999 -9999 -9999 -9999 -9999 -9999 -9999 -9999 -9999 -9999 -9999 -9999 -9999 -9999 -9999 -9999 -9999 263 248 232 217 212 233 212 162 137 137 150 125 125 75 75 75 62 50 75 125 138 113 125 125 127 115 112
-9999 -9999 -9999 -9999 -9999 -9999 -9999 -9999 -9999 -9999 -9999 -9999 -9999 -9999 -9999 -9999 -9999 -9999 -9999 -9999 -9999 -9999 -9999 -9999 -9999 -9999 -9999 -9999 -9999 -9999 -9999 -9999 -9999 -9999 -9999 -9999 -9999 -9999 -9999 -9999 -9999 -9999 -9999 -9999 -9999 -9999 -9999 -9999 -9999 -9999 -9999 -9999 -9999 -9999 -9999 -9999 -9999 -9999 -9999 -9999 -9999 -9999 -9999 242 238 235 232 227 212 200 187 162 150 125 100 75 62 62 62 100 145 137 113 125 128 135 127 127
