resources/Input/dataET_point/Cavone/4/sky_4.asc
NCOLS 116
NROWS 49
XLLCORNER 619008.0
YLLCORNER 4460696.0
CELLSIZE 240.0
NODATA_VALUE -9999
[rows 0 to 22 of 49, columns 0 to 51 of 116]
-9999 -9999 -9999 -9999 -9999 -9999 -9999 -9999 -9999 -9999 -9999 -9999 -9999 -9999 -9999 -9999 -9999 -9999 -9999 -9999 -9999 -9999 -9999 -9999 -9999 -9999 -9999 -9999 -9999 -9999 -9999 -9999 -9999 -9999 -9999 -9999 -9999 -9999 -9999 -9999 -9999 -9999 -9999 -9999 -9999 -9999 -9999 -9999 -9999 -9999 -9999 -9999
-9999 -9999 -9999 -9999 -9999 -9999 -9999 -9999 -9999 -9999 -9999 -9999 -9999 -9999 -9999 -9999 -9999 -9999 -9999 -9999 -9999 -9999 -9999 -9999 -9999 -9999 -9999 -9999 -9999 -9999 -9999 -9999 -9999 -9999 -9999 -9999 -9999 -9999 -9999 -9999 -9999 -9999 -9999 -9999 -9999 -9999 -9999 -9999 -9999 -9999 -9999 -9999
-9999 -9999 -9999 -9999 -9999 -9999 -9999 -9999 -9999 -9999 -9999 -9999 -9999 -9999 -9999 -9999 -9999 -9999 -9999 -9999 -9999 -9999 -9999 -9999 -9999 -9999 -9999 -9999 -9999 -9999 -9999 -9999 -9999 -9999 -9999 -9999 -9999 -9999 -9999 -9999 -9999 -9999 -9999 -9999 -9999 -9999 -9999 -9999 -9999 0.4861737701238595 0.502564907496425 0.5051456243961041
-9999 -9999 -9999 -9999 -9999 -9999 -9999 -9999 -9999 -9999 -9999 -9999 -9999 -9999 -9999 -9999 -9999 -9999 -9999 -9999 -9999 -9999 -9999 -9999 -9999 -9999 -9999 -9999 -9999 -9999 -9999 -9999 -9999 -9999 -9999 -9999 -9999 -9999 -9999 -9999 -9999 -9999 -9999 -9999 -9999 -9999 -9999 -9999 -9999 0.49718466545401374 0.9539998411568676 0.9633916678514606
-9999 -9999 0.5058645217968641 0.5057716494560677 0.5059152759038362 0.5058729825327101 0.5058899040044019 0.5058899040044019 0.5056126214493181 0.4861528656822454 -9999 -9999 -9999 -9999 -9999 -9999 -9999 -9999 -9999 -9999 -9999 -9999 -9999 -9999 -9999 -9999 -9999 -9999 -9999 -9999 -9999 -9999 -9999 -9999 -9999 -9999 -9999 -9999 -9999 -9999 -9999 -9999 -9999 -9999 -9999 -9999 -9999 -9999 0.5058306685453773 0.5185074755312782 0.9654848498899004 0.9676829724053024
-9999 -9999 0.9672269624032037 0.9683799820527924 0.9690801842323973 0.9672865803393595 0.9678701517964251 0.9651976049446624 0.9626968905277797 0.5352256320980631 0.502650883901976 0.4869779843968011 -9999 -9999 -9999 -9999 -9999 -9999 -9999 -9999 -9999 -9999 -9999 -9999 -9999 -9999 -9999 -9999 -9999 -9999 -9999 -9999 -9999 -9999 -9999 -9999 -9999 -9999 -9999 -9999 -9999 -9999 -9999 -9999 -9999 -9999 -9999 -9999 -9999 0.5179712012256302 0.9657720494296591 0.9574124646139767
-9999 -9999 0.9707350591610366 0.9704222489332193 0.967527446073098 0.9660468879259605 0.9649227309245285 0.9597875950189135 0.9594174498005914 0.9611163343070381 0.9624293868535228 0.5330758479938069 0.48602210469402135 -9999 -9999 -9999 -9999 -9999 -9999 -9999 -9999 -9999 -9999 -9999 -9999 -9999 -9999 -9999 -9999 -9999 -9999 -9999 -9999 -9999 -9999 -9999 -9999 -9999 -9999 -9999 -9999 -9999 -9999 -9999 -9999 -9999 -9999 -9999 0.48547271402821895 0.532730935260294 0.9675579596616858 0.9641609570902036
-9999 -9999 0.9695156378990889 0.9699595126465175 0.9711063118646166 0.9711569630161128 0.9707259394598158 0.9662930068860777 0.9615511897887999 0.9572967781069891 0.9576554037893946 0.9629258207089847 0.5349060824534733 0.48609818948057315 -9999 -9999 -9999 -9999 -9999 -9999 0.5057968977461583 -9999 -9999 -9999 -9999 -9999 -9999 -9999 -9999 -9999 -9999 -9999 -9999 -9999 -9999 -9999 -9999 -9999 -9999 -9999 -9999 -9999 -9999 -9999 -9999 -9999 0.48612993723657444 0.5034145309810485 0.5338582588688185 0.9652508726407855 0.9701873237837326 0.9664088370600176
-9999 -9999 0.9684780065462211 0.9685367370471237 0.964595487299566 0.9652421524107356 0.9688267442214993 0.9683640080852127 0.9637481092104024 0.962735208571091 0.9616269272563901 0.9600831822610549 0.9606536643086288 0.5331541715870923 0.501864174597565 0.4872179884507025 -9999 0.48694414145341774 0.5048128334143421 0.4993842615423555 0.5183953899065492 0.5033839340440632 0.5055268133904015 0.4879729924292798 -9999 -9999 -9999 -9999 -9999 -9999 -9999 -9999 -9999 -9999 -9999 -9999 -9999 -9999 -9999 -9999 -9999 -9999 -9999 -9999 -9999 -9999 0.5055769804627854 0.9701105503237455 0.9684150382157061 0.9688932110909017 0.9665512036215235 0.9676126680817744
-9999 -9999 0.9678311288360848 0.963134526059304 0.966561509187703 0.9686503443883888 0.9623987448420971 0.9609021574096398 0.9642327747771825 0.9640588392528915 0.9620307669828243 0.9576140404465978 0.9568006912974751 0.9608396171230822 0.9636047060911808 0.5322315345393677 0.5192682734187285 0.5346200732501627 0.9578037986178713 0.9649884029301125 0.9620210622962596 0.9652665659850846 0.9588726605766233 0.5270710090577276 0.48503167176271156 -9999 -9999 -9999 0.5056954410601722 -9999 -9999 -9999 -9999 -9999 -9999 -9999 -9999 -9999 -9999 -9999 -9999 -9999 -9999 -9999 -9999 -9999 0.5052306569499808 0.9696118002128803 0.9691905240601936 0.9702706968046216 0.9695980561031469 0.970270645728277
-9999 -9999 0.5593365873241275 0.9673738804777214 0.9693171668490356 0.9697387627157478 0.9591290739730294 0.9652021156038031 0.9664700439654716 0.96530168474919 0.9620249020422161 0.9627905073748892 0.9555438123727997 0.9647395341764189 0.9597414533878932 0.9600029495593083 0.9623557009920048 0.9630103042063779 0.9491179785803924 0.9605373581824398 0.9654844669318546 0.9685276392645294 0.9693199339690117 0.9638243473817015 0.5327066494701673 0.5039069749343683 0.5051719364441586 0.5036723686121886 0.5201738169347033 0.4865688552609344 -9999 -9999 -9999 -9999 -9999 -9999 -9999 -9999 -9999 -9999 -9999 -9999 -9999 -9999 -9999 -9999 0.5056023935820743 0.9690290291384541 0.9684815625989166 0.9705662765185576 0.9705407296324206 0.9701011634024018
-9999 -9999 0.5146120533373215 0.5293155210948325 0.5605024559407735 0.967243564175568 0.9653027545655509 0.964525407676049 0.9615834807277076 0.9673612773210722 0.9629852743882071 0.9638148088654581 0.9604485164634539 0.9632447758701076 0.9641310234470446 0.9636062709200798 0.9579803082445291 0.960006486618136 0.9566011026571793 0.9642567148010773 0.9667895992790347 0.9663949469996602 0.9693092521284976 0.9697564558016224 0.9682554367470823 0.9699910092205849 0.9713176550606835 0.9627102528952335 0.966323520202824 0.5347277070790776 0.4865688552609344 -9999 -9999 -9999 -9999 -9999 -9999 -9999 -9999 -9999 -9999 -9999 -9999 -9999 -9999 -9999 0.5048116247754527 0.9677568823391387 0.9674960614457975 0.970895184875107 0.9680082048030566 0.9692646429111562
-9999 -9999 -9999 -9999 0.5146454745269284 0.5335831259516788 0.5318343622989388 0.5611682633437196 0.9624955208388577 0.9690632739218155 0.9629771159894743 0.9670267244570369 0.9625950278888263 0.9633143802291024 0.9655326306297543 0.9636904732814453 0.9679771096781183 0.9631502297996238 0.9617166394967077 0.9658491391397979 0.9682348274458245 0.968121504168489 0.9646781292239816 0.9661658478533194 0.9677920514017159 0.9677829548244622 0.9704811550224863 0.9703631166304895 0.9679264264501213 0.9703035826381973 0.5332917306002749 0.5041033200368796 0.5056700279408833 0.5057461436391864 0.5054673617875985 0.505425109636327 0.5049631624220221 0.5057038605761636 0.48766870476081053 -9999 -9999 -9999 -9999 -9999 -9999 0.4869858894614235 0.5360334886507776 0.9666506836012155 0.9674539940876818 0.9709457743034795 0.9656092666222786 0.9690028443547625
-9999 -9999 -9999 -9999 -9999 -9999 -9999 0.5281738509296087 0.9668220470658091 0.9678743673172447 0.9611207531057764 0.968532965212561 0.956887223422796 0.9597869151278168 0.9619533132106209 0.9638527572492092 0.967410609805234 0.9668513575667315 0.9692111545273315 0.9690926117412745 0.9691583869176528 0.9688535857130499 0.9673527737106179 0.9683551659624384 0.9678686395292357 0.9685220139597541 0.9676330378729341 0.9686389809996038 0.9680200165707517 0.9691997642105653 0.967779224672096 0.9693426930310848 0.9696969634305782 0.96754559138838 0.968032994592185 0.9686024378349302 0.9654172177329032 0.966724397827722 0.5317603761021019 0.503849495589387 0.5052224021125886 0.4871764950567703 -9999 -9999 -9999 0.5011790143667808 0.9662942627427142 0.9675116226305567 0.9667956978036033 0.9704975512329335 0.9653385066491708 0.9688852074013496
-9999 -9999 -9999 -9999 -9999 -9999 -9999 0.5137069689111483 0.529071520150994 0.5603701769374337 0.9674664546135777 0.9623266967446439 0.9688101105861371 0.9692828924585433 0.9680271125630074 0.9643324616252734 0.9673697054401929 0.9689808361526258 0.9672097550012807 0.9674292287229883 0.9672943208383206 0.9674371556571778 0.9695189686403252 0.9708021991828503 0.9694354724234946 0.9689860360839324 0.9690793304292998 0.9691556415673541 0.9685073450910173 0.9690552331338433 0.9682286154195752 0.9691566496530666 0.9699237661051946 0.9689886082150362 0.967985197318422 0.9685913040806602 0.9693001514383994 0.9689714792403569 0.968583377146471 0.969141691458788 0.9690253072534445 0.5352177393789197 0.5043725784516241 0.5053403478069931 0.503770410607731 0.5346353803521958 0.9700504198043524 0.969788631505842 0.968839097242525 0.9670937947541383 0.969526791428396 0.9696958414039356
-9999 -9999 -9999 -9999 -9999 -9999 -9999 -9999 -9999 0.5136562148041762 0.5622891531058196 0.9542162991870908 0.9669686612110657 0.9691397189270969 0.9609957938924604 0.9687340774279223 0.9685233521277913 0.9696206004133928 0.9700674441185823 0.9678740890363908 0.9700925276296947 0.9704982204561919 0.9706076849114819 0.968407031449274 0.9684404714493683 0.9700242858334683 0.9707088325552781 0.9696201471958729 0.9703037062475411 0.9687361335527931 0.9686069913659311 0.9685734981953176 0.9687192834604461 0.9692830348279706 0.9686856645757715 0.9690457963398458 0.9683792418519495 0.970421631187699 0.9691314115206641 0.9670692024707205 0.9699411716057789 0.9689476735429011 0.9655049845311495 0.9679370755615226 0.9692416685952386 0.9693427546037926 0.9693760007063179 0.9698138076016092 0.969789186863309 0.9698057688703342 0.9703625400044447 0.9701937476560746
-9999 -9999 -9999 -9999 -9999 -9999 -9999 -9999 -9999 -9999 0.5283598016602545 0.9641560714640608 0.9691489713415237 0.965366230853551 0.9677909420283292 0.9679595806078656 0.9697469351636506 0.966935454674557 0.9677882338133694 0.967322352189704 0.9688880781661612 0.9686284273294696 0.9689707305869831 0.9688011454562312 0.9703205348710418 0.9703119197646998 0.9708779442037213 0.9705992858108783 0.9714609827618067 0.9701435390124183 0.9705989356994327 0.9694180778332262 0.9648997705121808 0.9663290953575604 0.9669259026959819 0.9704129129752822 0.9703706608240107 0.9675392274810342 0.9682820705641612 0.9689744395447679 0.9663432380620343 0.971216054161706 0.96509402606785 0.9641235497119907 0.9665527284148328 0.9680979835492971 0.9683503131335333 0.9690301401169248 0.9692168718671804 0.9696198184408862 0.9698398072034329 0.9699320313385711
-9999 -9999 -9999 -9999 -9999 -9999 -9999 -9999 -9999 -9999 0.5147289892380067 0.5614685373555268 0.964186317361953 0.9627068168605256 0.9683653952383537 0.965534180816111 0.9690229145711053 0.9696376663990902 0.9649091200176424 0.970548398037498 0.9704813198516848 0.9683004451584181 0.9670080135788249 0.9699740260132721 0.9689208393875216 0.9703460303798195 0.9706249564067376 0.9702863418664328 0.9701430141150894 0.9653280385167928 0.9688511689178357 0.969011819278441 0.968737602043614 0.9706586244136386 0.9610387351888156 0.9699159016958756 0.9708692568653945 0.965789496845085 0.966478280015664 0.9707936974279686 0.9669516880735596 0.9675145531602785 0.9690573949227693 0.9651068428625459 0.9626034975205989 0.9668168075549183 0.9684173001893609 0.9679282129371289 0.9688633096931445 0.9684658645544789 0.9686592477324534 0.9681726698215128
-9999 -9999 -9999 -9999 -9999 -9999 -9999 -9999 -9999 -9999 -9999 0.5146284706657476 0.5305650394476853 0.5601022551879581 0.9677698960812224 0.9695116304956729 0.9698491945387289 0.9661235166211504 0.9680036619188347 0.969748252291553 0.9675192163627314 0.9681987417053579 0.9684638999731795 0.9702946996468028 0.9705317132379102 0.9714356417741236 0.9698232360563196 0.9689210561453372 0.968059791695343 0.9676628691986902 0.9704635331648073 0.9665304142002826 0.9622493120775079 0.9710298356463862 0.9621032702941517 0.969754942380962 0.9704889256302281 0.9645103203871184 0.9679553862927223 0.9709117768892213 0.9662076219804909 0.9641485412605744 0.9682838442527185 0.9645390803625675 0.9654248883561722 0.9642445408328146 0.9661246962252973 0.9682771730969857 0.9663398191931476 0.964196964667013 0.9661037661191687 0.970421950537992
-9999 -9999 -9999 -9999 -9999 -9999 -9999 -9999 -9999 -9999 -9999 -9999 -9999 0.5152332298234378 0.5300172054053994 0.5615223888278138 0.9621840728737113 0.9577300661128775 0.9677585525366694 0.968201495409458 0.9609158366011918 0.9661526315383326 0.9683206025815952 0.969593859607304 0.9710892461799334 0.9653382394251073 0.9677651285844969 0.9680479361252333 0.9684465569483469 0.9706410334174904 0.9710973875654861 0.9661472485381098 0.9703711757771522 0.9700584274230574 0.964788866132266 0.9700414235618762 0.9706242458632456 0.9670812062608826 0.9693760941063183 0.9711230685071099 0.970328902959515 0.9614395432388938 0.9678311082198775 0.9688476164245265 0.9644924708647061 0.9551822186597085 0.9639911222533085 0.9660351020033137 0.965673350451902 0.9700589422131017 0.9701265250439529 0.9685491450283744
-9999 -9999 -9999 -9999 -9999 -9999 -9999 -9999 -9999 -9999 -9999 -9999 -9999 -9999 -9999 0.5147468076035708 0.530345197344332 0.5556889773331175 0.9705066608393678 0.9685787959135811 0.966663978028602 0.9669311431492034 0.9687341901771703 0.9701849058343146 0.970591031274684 0.9635662859394505 0.96901288948867 0.9687762568328778 0.9686904459615141 0.9705565805926853 0.969341859881855 0.9648698339582552 0.9714524911142096 0.9692905809277739 0.9683381728107541 0.9690221423044901 0.9689382555968685 0.9671706703404438 0.964851442809391 0.9682538843635338 0.9705067017078044 0.9597727029228438 0.9668821671392425 0.9710304330267385 0.9585915831008107 0.9445769505611687 0.9583254848761408 0.9651523492200939 0.9680358960624182 0.9656389073771248 0.9637904966765742 0.9678584417672838
-9999 -9999 -9999 -9999 -9999 -9999 -9999 -9999 -9999 -9999 -9999 -9999 -9999 -9999 -9999 -9999 -9999 0.5137402974031627 0.5611053055629078 0.9684283123404591 0.9677718109875709 0.9638641405131261 0.969375239751412 0.970725939459816 0.9698231023396917 0.9651163643886345 0.969045302504867 0.9698809066043874 0.9700496577329027 0.9675904342529836 0.97089465967658 0.9702870729131934 0.9707850718629246 0.964584555352201 0.9677377801453034 0.9693094366706761 0.9701009680128705 0.9648685147378311 0.9665048297000496 0.9652936918353973 0.9677674309646133 0.9693350043110598 0.9548400795620468 0.9662677740769685 0.9689908623383731 0.9612130502833297 0.9438738531876988 0.9605285733286023 0.9642815446730344 0.968477593846637 0.9693515438945398 0.9678343337126611
-9999 -9999 -9999 -9999 -9999 -9999 -9999 -9999 -9999 -9999 -9999 -9999 -9999 -9999 -9999 -9999 -9999 -9999 0.5290041441066535 0.9651475864824455 0.95874467422599 0.9688104300868454 0.9707598133149508 0.9694182224978307 0.9664857862371572 0.9698391694062571 0.9681435248854753 0.9707171182040425 0.97083538301026 0.9669946962189581 0.9702612995751746 0.9713003009374583 0.9703798013421965 0.9636095734735266 0.9660644783276817 0.9703213175963591 0.9689297542433801 0.9659591936809845 0.969417975730757 0.9704471988280825 0.9636415278146143 0.9694273935261908 0.9649124887221217 0.9641777723371302 0.966813455733667 0.9706335409527465 0.9548297596689209 0.948086013637744 0.9641490452207688 0.9599895737525804 0.9621779569064008 0.966126270963593
