resources/Input/dataET_point/Cavone/4/sky_4.asc
NCOLS 116
NROWS 49
XLLCORNER 619008.0
YLLCORNER 4460696.0
CELLSIZE 240.0
NODATA_VALUE -9999
[rows 0 to 22 of 49, columns 52 to 103 of 116]
-9999 -9999 -9999 -9999 -9999 -9999 -9999 -9999 -9999 -9999 -9999 -9999 -9999 -9999 -9999 -9999 -9999 -9999 -9999 -9999 -9999 -9999 -9999 -9999 -9999 -9999 -9999 -9999 -9999 -9999 -9999 -9999 -9999 -9999 -9999 -9999 -9999 -9999 -9999 -9999 -9999 -9999 -9999 -9999 -9999 -9999 -9999 -9999 -9999 -9999 -9999 -9999
-9999 -9999 -9999 -9999 -9999 -9999 -9999 -9999 -9999 -9999 -9999 -9999 -9999 -9999 -9999 -9999 -9999 -9999 -9999 -9999 -9999 -9999 -9999 -9999 -9999 -9999 -9999 -9999 -9999 -9999 -9999 -9999 -9999 -9999 -9999 -9999 -9999 -9999 -9999 -9999 -9999 -9999 -9999 -9999 -9999 -9999 -9999 -9999 -9999 -9999 -9999 -9999
0.5336179772659108 0.9545102992204277 0.949548169110637 0.9599582904721425 0.9625199269376232 0.9582546219245507 0.955747035059116 0.9583527431769988 0.5285317016283632 0.5009755512899488 0.4865401944429264 -9999 -9999 -9999 -9999 -9999 -9999 -9999 -9999 -9999 -9999 -9999 -9999 -9999 -9999 -9999 -9999 -9999 -9999 -9999 -9999 -9999 -9999 -9999 -9999 -9999 -9999 -9999 -9999 -9999 -9999 -9999 -9999 -9999 -9999 -9999 -9999 -9999 -9999 -9999 -9999 -9999
0.9604390547016848 0.95934345898846 0.9550695739901485 0.9590478264597336 0.9602013028280749 0.9622140131370656 0.9650812878842858 0.9530840309093748 0.9594077060082247 0.9554771144851986 0.5356886496445544 0.48753153683221157 -9999 -9999 -9999 -9999 -9999 -9999 -9999 -9999 -9999 -9999 -9999 -9999 -9999 -9999 -9999 -9999 -9999 -9999 -9999 -9999 -9999 -9999 -9999 -9999 -9999 -9999 -9999 -9999 -9999 -9999 -9999 -9999 -9999 -9999 -9999 -9999 -9999 -9999 -9999 -9999
0.9576502582325014 0.9628510091559896 0.9686301935147599 0.9648048616881978 0.95392548092054 0.9548963521112357 0.9557927237119125 0.9626226326553508 0.9504686664269527 0.9564795198269571 0.9388623118345307 0.5315959097629187 -9999 -9999 -9999 -9999 -9999 -9999 -9999 -9999 -9999 -9999 -9999 -9999 -9999 -9999 -9999 -9999 -9999 -9999 -9999 -9999 -9999 -9999 -9999 -9999 -9999 -9999 -9999 -9999 -9999 -9999 -9999 -9999 -9999 -9999 -9999 -9999 -9999 -9999 -9999 -9999
0.9633429439875928 0.9686213912122776 0.9692103837656046 0.9524658308232614 0.9659788681473327 0.9549814532783825 0.9595051846778523 0.9631135655156459 0.9532129782346116 0.9364829938372013 0.9431607792310907 0.5311421762163712 -9999 -9999 -9999 -9999 -9999 -9999 -9999 -9999 -9999 -9999 -9999 -9999 -9999 -9999 -9999 -9999 -9999 -9999 -9999 -9999 -9999 -9999 -9999 -9999 -9999 -9999 -9999 -9999 -9999 -9999 -9999 -9999 -9999 -9999 -9999 -9999 -9999 -9999 -9999 -9999
0.9695722409452615 0.9683756458698105 0.9684846680675657 0.9571210674798016 0.9676331088484306 0.9615313845160692 0.9581219781222391 0.9564459168449331 0.9581931237329875 0.9464944871676785 0.9591802858829547 0.5310228414950661 -9999 -9999 -9999 -9999 -9999 -9999 -9999 -9999 -9999 -9999 -9999 -9999 -9999 -9999 -9999 -9999 -9999 -9999 -9999 -9999 -9999 -9999 -9999 -9999 -9999 -9999 -9999 -9999 -9999 -9999 -9999 -9999 -9999 -9999 -9999 -9999 -9999 -9999 -9999 -9999
0.968612903771551 0.9666130982103163 0.9679457741106288 0.9596884319040174 0.9671376565517908 0.9646550397200173 0.9683515278202908 0.9659509066860817 0.9630903119202584 0.9609204568260578 0.9608053473015513 0.5045239161609291 -9999 -9999 -9999 -9999 -9999 -9999 -9999 -9999 -9999 -9999 -9999 -9999 -9999 -9999 -9999 -9999 -9999 -9999 -9999 -9999 -9999 -9999 -9999 -9999 -9999 -9999 -9999 -9999 -9999 -9999 -9999 -9999 -9999 -9999 -9999 -9999 -9999 -9999 -9999 -9999
0.966967034904403 0.9687126745568349 0.9658251071534851 0.9681149003139349 0.968147206428177 0.9666981772307761 0.9661650256272388 0.9616081709685772 0.9561685807150673 0.94201865204911 0.950987761666496 0.535576615066042 0.4860812680088813 -9999 -9999 -9999 -9999 -9999 -9999 -9999 -9999 -9999 -9999 -9999 -9999 -9999 -9999 -9999 -9999 -9999 -9999 -9999 -9999 -9999 -9999 -9999 -9999 -9999 -9999 -9999 -9999 -9999 -9999 -9999 -9999 -9999 -9999 -9999 -9999 -9999 -9999 -9999
0.9696639731995395 0.9696459825707102 0.9694771489021067 0.9686349451405719 0.9675736266845608 0.9680885882756184 0.9664426211142259 0.9657409045836992 0.9603198511318394 0.9497795248471594 0.9576035259558423 0.9620429750560474 0.5354629873418726 0.4870704865117789 -9999 -9999 -9999 -9999 -9999 -9999 -9999 -9999 -9999 -9999 -9999 -9999 -9999 -9999 -9999 -9999 -9999 -9999 -9999 -9999 -9999 -9999 -9999 -9999 -9999 -9999 -9999 -9999 -9999 -9999 -9999 -9999 -9999 -9999 -9999 -9999 -9999 -9999
0.9699251853737771 0.9701093050891526 0.9689036516985785 0.9675460762546029 0.9671182614732984 0.9661270211227714 0.9671750826914258 0.9666390041114923 0.961348816441629 0.966466695872351 0.9588677727548582 0.9522686904277193 0.9600999519036723 0.5318322954008423 -9999 -9999 -9999 -9999 -9999 -9999 -9999 -9999 -9999 -9999 -9999 -9999 -9999 -9999 -9999 -9999 -9999 -9999 -9999 -9999 -9999 -9999 -9999 -9999 -9999 -9999 -9999 -9999 -9999 -9999 -9999 -9999 -9999 -9999 -9999 -9999 -9999 -9999
0.9700591271064531 0.9698560390990129 0.9688790926834019 0.9700086514811539 0.9694935250608985 0.9672365050111217 0.9671134242481345 0.9656632632615424 0.9634020725897356 0.9623779936468677 0.9572354194446193 0.9413425481195309 0.9578994331366458 0.5044802058204502 -9999 -9999 0.48705356504008734 0.5058391911172845 0.5058729825327101 0.5058645217968641 0.5056788902659125 0.5058222696455926 0.5058729825327101 0.505881443268556 0.48752307609636564 -9999 -9999 -9999 -9999 -9999 -9999 -9999 -9999 -9999 -9999 -9999 -9999 -9999 -9999 -9999 -9999 -9999 -9999 -9999 -9999 -9999 -9999 -9999 -9999 -9999 -9999 -9999
0.9700843444847926 0.9699149553960044 0.9683896982811148 0.970219418101335 0.9685905640304162 0.9670575557697865 0.9674740383857969 0.9671505614370965 0.9665337027707752 0.9631082964096829 0.9559943661617772 0.9510025313564557 0.9512339720937643 0.5368284493661 0.5037753651153479 0.5041119146901728 0.5339367447538654 0.9711568600229763 0.9708698749623333 0.9710642349008669 0.971258605097284 0.9717823773348137 0.9719430591717211 0.9719599703353093 0.5344775312108997 0.4861230263249905 -9999 -9999 -9999 -9999 -9999 -9999 -9999 -9999 -9999 -9999 -9999 -9999 -9999 -9999 -9999 -9999 -9999 -9999 -9999 -9999 -9999 -9999 -9999 -9999 -9999 -9999
0.9693582357396323 0.9707005263405267 0.9695019035076341 0.9696454579743958 0.9702531786050095 0.9660923053637626 0.9671347079081227 0.9677112481050992 0.9678664258518456 0.9638079905420096 0.9612564602870082 0.9588928236560186 0.9373187140259664 0.920808357042444 0.9571198882469566 0.9691351156360746 0.9701363244271345 0.9678174209854266 0.9667824693369211 0.969545164585127 0.9714780588048136 0.9715963751264299 0.9718415303415701 0.9717992885109612 0.9714105275019204 0.5346993202540375 0.4860046893871671 -9999 -9999 -9999 -9999 -9999 -9999 -9999 -9999 -9999 -9999 -9999 -9999 -9999 -9999 -9999 -9999 -9999 -9999 -9999 -9999 -9999 -9999 -9999 -9999 -9999
0.9695690435796677 0.9690546174450202 0.9699066594391368 0.9690230366755602 0.9701177863282674 0.9661380236531398 0.9674465202698996 0.9686779984762303 0.9682015028098125 0.9659622501288078 0.9623752037522743 0.9615700019366525 0.9560156658362317 0.9528980963969658 0.9430611262118609 0.956092422522645 0.9591457930582368 0.9543164892202345 0.9488608908634457 0.9625543174279216 0.9710215294818549 0.9716132141584125 0.971892305064749 0.9707848968260633 0.9698053573244659 0.970126308887616 0.5349342614553353 0.5044223358655993 0.505754573463281 0.5057884060985612 0.5058137779979955 0.5058137779979955 0.5058222387338415 0.5058476106332758 0.505830689161584 0.48753153683221157 -9999 -9999 -9999 0.5058476106332758 -9999 -9999 0.48748923315298226 0.5059068151679903 0.48753153683221157 -9999 -9999 -9999 -9999 -9999 -9999 -9999
0.9698897791872997 0.9698135915079898 0.9690380765072506 0.9679573652740717 0.9679976940151448 0.9668057137196702 0.9685165569879974 0.9686609131282368 0.9678544818689282 0.9664051495209335 0.9650006800590802 0.9643647586419128 0.961249494634739 0.9574609650220653 0.9470130847663503 0.9489535948834755 0.9471389012616561 0.948349222737908 0.9256321398760969 0.9559780931925415 0.9697813134128456 0.9718246191779817 0.9719007658005948 0.9717062513409663 0.9717316232404006 0.9717654661837843 0.971562624943418 0.9715203727921465 0.9715456931636228 0.971765455875681 0.9718838649451099 0.971926158316236 0.9718584724294687 0.9718923153728524 0.9714947844853358 0.5354206733670988 0.5048374964290427 0.5058391498974298 0.5044208673682887 0.5210776939555181 0.504862868328477 0.5043785739971626 0.5353614585242807 0.9715371499880676 0.535581375807654 0.48665344200318666 -9999 -9999 -9999 -9999 -9999 -9999
0.9699741291193468 0.9697968863432341 0.969839035388431 0.9694262301667557 0.9693749925327246 0.9678408313216926 0.9690636847652766 0.9689803430695407 0.968601667825281 0.9676284578201989 0.9669424415212158 0.9660369902430223 0.965204914120266 0.9637328665588136 0.9579504055115038 0.963251490562375 0.9548671159981167 0.9554345226765226 0.9407721852242082 0.9575705332778177 0.9655806335519284 0.9695468722540402 0.971689319561171 0.9717739166115268 0.9708359496294607 0.9713174594201744 0.9710217973167495 0.9714443189173461 0.9715119017481972 0.9717316232404007 0.971579371227588 0.971638586070406 0.9718415612658804 0.9719430694798245 0.9719261480081326 0.9718415715739838 0.971714681152502 0.9709621703758258 0.9714187100068874 0.9712242676788646 0.9709116429717745 0.971494866925045 0.971275032081381 0.9711566539237029 0.9714524911142095 0.5355644543359621 0.5048967009637573 0.48752307609636564 -9999 -9999 -9999 -9999
0.9693423123969672 0.9700247390509884 0.9699487366539258 0.9697628477091212 0.968362505562126 0.9689784502689796 0.9691055976024806 0.9688198766871131 0.9684162719008436 0.9680975084758683 0.9681991710100881 0.9672704568593347 0.9670124757545334 0.9660938625652936 0.9640316065555077 0.9637422567709635 0.9622492969098099 0.9625029932137519 0.9594061944689919 0.9570837719515429 0.9500266839048175 0.9573490594361674 0.9669277887852823 0.9713766536467854 0.9713766845585368 0.9710639465125454 0.9712330787269751 0.9714950318044635 0.9713766433386821 0.971706241032863 0.9714271707427333 0.971258110609689 0.9713342572197431 0.9718246294860852 0.9719261480081326 0.9719684413792588 0.9718923153728524 0.971943059171721 0.9719176769641832 0.9717908277751152 0.971241354017416 0.9712497735334072 0.9708102171096584 0.9708946184567255 0.9711990194264347 0.9713934823706645 0.9717231625045547 0.5359615393800683 0.48665344200318666 -9999 -9999 -9999
0.9699740776416089 0.9697378259211322 0.9696870819716648 0.9692226687397242 0.9692144550719667 0.9692485655364875 0.9692571806428293 0.9691057210612252 0.9689123273243531 0.9681890562381876 0.9688138101384948 0.9683928827429635 0.9681668479350677 0.9674626395163078 0.9668418814068023 0.9662522856229286 0.9659502029458639 0.9648341870821213 0.963046463100445 0.960965838224452 0.9517702125237254 0.9509343588395651 0.9546485452908339 0.9637513860612119 0.9703640227141729 0.9709884178989893 0.9713597837030518 0.9715457446915808 0.9716471601577124 0.9717569848317316 0.9717231625045548 0.9715201460766666 0.9717484931715753 0.9718330799138276 0.971782356731166 0.9715793918312358 0.9718077389387036 0.9715033482645387 0.9718246294860852 0.971816209982653 0.971300599771985 0.9713090089798729 0.9713849804149642 0.9709537508598345 0.9665261552939424 0.9710133880460821 0.970793810729209 0.9700416707805635 0.5358891442796471 0.504862868328477 0.48752307609636564 -9999
0.9692146914305585 0.9696700678526006 0.9695776177673529 0.9694766552175434 0.9690216386128376 0.9692993093353561 0.9693499705941366 0.9690379735517747 0.969013506933176 0.9689373297500461 0.9688367470824601 0.9680104048402712 0.9680455429912806 0.9681147794071231 0.967105062348775 0.9663051396579333 0.9673661663313193 0.9664501476090395 0.9660992523448562 0.9647192598594502 0.9609921377513164 0.9597811421782244 0.9464089743171374 0.948095352963044 0.9646257852388241 0.9711658149953776 0.9712330375071205 0.9712243810303252 0.9714188130502445 0.9718161996745496 0.9714695980689677 0.9710720465778031 0.9718161584421358 0.9719007658005949 0.9715455282842043 0.9713342057043444 0.9714864267928467 0.9713765093710148 0.971782336114959 0.9714865710686176 0.9706841920038023 0.9698139105570851 0.9654189507256227 0.966119401625504 0.9691234859400304 0.966614214322181 0.9687265005040653 0.9674123999488888 0.9670102748627537 0.9696464968212604 0.5355256830384346 0.5047867526301741
0.9691304756667525 0.9692395180170925 0.9695857693982911 0.9702193459070118 0.9684822618809192 0.9692657132092666 0.9693673855999765 0.9692236359944775 0.9689629487175688 0.9686420584384265 0.9686341636693486 0.9683396010331501 0.9686176119724124 0.9679112908637749 0.9680703081557055 0.967447124549324 0.9679603201568264 0.9675250601645052 0.967288767725457 0.9662140172453378 0.9643603176636916 0.962631947440691 0.9563295265541985 0.9393776157576631 0.9621495215078679 0.9715286171206158 0.9717147532966669 0.9717400839762466 0.9714695980689676 0.9716470364981484 0.9712243706720015 0.970168128537953 0.9715370675483583 0.9716723980894793 0.9718838443289031 0.9719007761086983 0.9719092265364407 0.9719261377000291 0.9717738959953199 0.9710047419652716 0.9706669407733353 0.967310471886778 0.9706841199224164 0.970768449137878 0.9712329345014242 0.9708614863078727 0.9706333452494579 0.9700755858053329 0.9678846051947 0.9693412524446215 0.9696866805330805 0.9698051615835162
0.9686666895852091 0.9696115223836399 0.9687254516120838 0.9696876992655717 0.9680001865750506 0.969282603317594 0.9691904306601934 0.9691397589929306 0.9690385493750329 0.969046876645045 0.9689460372529659 0.9689708433362311 0.9689711727938085 0.9687012219038853 0.9686253841854219 0.9680942927515838 0.9682535041306259 0.9682715364303728 0.9677072396622505 0.9672372337512463 0.9665651874847145 0.9644130114162772 0.9613762204688747 0.956343795920809 0.9604127312108205 0.9698154755057032 0.9716893298692746 0.9717823773473727 0.9717400839762467 0.9717316232404007 0.971638586070406 0.9698978383339624 0.9703286970610611 0.9709369015197483 0.9716554869258909 0.9716808691334287 0.9716470364981484 0.9717654455675775 0.9713766948666402 0.9712329138852177 0.967242158561158 0.9711483374510683 0.9719514992913599 0.9716470364981485 0.9719176872722868 0.9718923153728525 0.9719599600272059 0.9714780691129169 0.9708530255720269 0.9703632506985356 0.9698571191657323 0.9717400633600398
0.9667733122992371 0.9692239346909027 0.9693422196993748 0.9688100793733716 0.968086283477575 0.9686677483338643 0.9688207914737547 0.9682803550277872 0.968507827264337 0.9686337622307646 0.9683892248615236 0.9687689694133359 0.9685237632724499 0.968751184031262 0.9688689860646673 0.9689450192228822 0.9684219363606453 0.9681438854052192 0.9679503895276665 0.9678498381225161 0.9668742878138593 0.9657406228879236 0.9646211532491367 0.9528257194500349 0.954073617129611 0.9627202704891409 0.969074995963484 0.9713596291317367 0.9717485344039891 0.9717231625045548 0.971833110838138 0.9718584724294688 0.9716385757623025 0.970522871566749 0.9706497207181557 0.9692410411436436 0.9698391073694378 0.9714525735539188 0.9704387792618714 0.9663253178989616 0.9699573001946483 0.9716554766177874 0.9719007761086983 0.9717231625045548 0.9717823464230625 0.9716216439825073 0.9718838134045927 0.972069928976996 0.9718161996745495 0.9714358684896035 0.9706590566133751 0.9713935751184773
