resources/Input/dataET_point/Cavone/4/sky_4.asc
NCOLS 116
NROWS 49
XLLCORNER 619008.0
YLLCORNER 4460696.0
CELLSIZE 240.0
NODATA_VALUE -9999
[rows 23 to 45 of 49, columns 52 to 103 of 116]
0.9676739623849872 0.967285921625329 0.966493310938813 0.9677253828562228 0.9687873604276577 0.9679873359337111 0.9677768651524269 0.9683410807332846 0.9679024506958528 0.9682058026227981 0.9678010163812061 0.9684324542746374 0.9662946490104111 0.9679341567294102 0.9682460721343604 0.9689364450353807 0.968615576112514 0.9687001523960639 0.9680170880325645 0.9680256311578993 0.9678161290965795 0.9671851026488215 0.9665327686708943 0.9644560809652619 0.961025531823306 0.9528749834868974 0.9629347128427445 0.9700848083490915 0.9716301150264566 0.9709291206666822 0.9692404036476656 0.9711736887468551 0.9718415406496735 0.9714017473153409 0.9716470364981483 0.9713090295960797 0.9700167825586036 0.9692987124570205 0.969619540461047 0.9695608404709914 0.9715540611516559 0.9719007658005949 0.9718838649451099 0.9717315923160903 0.9719768814988977 0.9718753835930571 0.9719007245681811 0.9720445467694583 0.971807749246807 0.96964488144873 0.9717739269196302 0.9705912888014749
0.9670252653725591 0.9669488821411104 0.9694105632976064 0.9662116392278376 0.9682002896279438 0.9660456427415902 0.967400326018262 0.9664338704840718 0.9653876969581555 0.9687132493268179 0.9667630440098477 0.969351934836944 0.9664986407954481 0.9617551281983339 0.9693845233283841 0.9679250585470722 0.9684385696949932 0.9683459751834372 0.9684894884303443 0.9680509303739193 0.9674619109651126 0.9677569557746306 0.9670841710107634 0.9653609534269996 0.9642032977465281 0.9541354252019415 0.9614291977448314 0.9682084362769403 0.9707854529990589 0.9698745461229706 0.9662907497864847 0.9690653725706107 0.9690732984020386 0.9707853190816117 0.9717485240958856 0.9714527796531919 0.9717992885109611 0.9716977699889134 0.9714441849496785 0.9716723877813758 0.9720107141341779 0.9717992885109611 0.9719430694798245 0.971943059171721 0.9719684207630518 0.9720022637064355 0.9717823258068555 0.9719938029705896 0.9698728681743103 0.9719768918070012 0.9715034616285582 0.9689379892674131
0.9685413021886479 0.9676077857700247 0.9682754111200325 0.9664662330783704 0.9659835896185113 0.9658145111343881 0.9671947021793117 0.9675389113484011 0.9681120693912082 0.9680000994993837 0.9682778739294552 0.9687286796368012 0.9692747291145027 0.9682388532855721 0.9689711418820574 0.9675196338439247 0.9682703533202967 0.9685321003989522 0.9683802295222739 0.9680685203162415 0.9677900164444934 0.9680092235355479 0.9674285714129173 0.9670936170110187 0.9672714366123453 0.9636922456696285 0.9606953861496167 0.9654445235946316 0.9696972517185213 0.9688021436854537 0.9689105174145638 0.962213938110161 0.9618063415599054 0.9678399779452614 0.9694201260581089 0.9701783499633666 0.9654718336438114 0.9711145151238917 0.9719430488636176 0.9719261273919257 0.9717908277751153 0.971511870836446 0.9716893298692746 0.9720022533983321 0.9717484931715753 0.9720191748700239 0.9717485034796788 0.972010714134178 0.9718584827375722 0.9718331211462413 0.9717231728126582 0.9702964913610597
0.9680536043452397 0.9610423489677217 0.969017093285223 0.9663685138107329 0.9628990227816248 0.9658234944796988 0.9653251906573916 0.9648645150424187 0.9630273463137237 0.9627545914488144 0.963993789841643 0.9647492381202636 0.9661468838718018 0.9638720622838849 0.9673629510569984 0.9682123009839071 0.9674031064144972 0.9675809352220814 0.967597692015174 0.9673875209819405 0.9674040104419721 0.9656561664551625 0.9671364113171979 0.9675136406289533 0.9670678556724189 0.9649064924798588 0.9615451796920851 0.9584932700109531 0.9649381898206366 0.9700514698499881 0.9712834928172269 0.9712834206856211 0.967582687392215 0.9598277700325855 0.9670239769770745 0.9680998763001888 0.961248212636652 0.969520697916308 0.9700578919039291 0.9719515095994634 0.9708021788176827 0.9695695171498577 0.9701259897381417 0.9717146708443984 0.972010714134178 0.9720276356058699 0.971993813278693 0.9718923153728525 0.971816209982653 0.9716978730448297 0.9716471601577122 0.970717870168208
0.9690828154806246 0.963545133817926 0.9659437742324543 0.9604168350290302 0.9592981757898741 0.9641366172508984 0.9598615732877043 0.9618276565672271 0.9613882394902965 0.9624999890025057 0.964735809695946 0.961968098513649 0.9653722196296426 0.9648812879105892 0.9641887402775638 0.9662185250085268 0.966740291645538 0.9664562656353954 0.9661141880685157 0.9641266893627041 0.9682058850122872 0.9675845093613927 0.9651228748387032 0.9666758684551084 0.9670428626532525 0.9667993853853063 0.9654020774884233 0.9629050641342402 0.9553547624893167 0.9646690615884553 0.9657988815860252 0.9690743271416189 0.9704558243429067 0.9692993815296798 0.9617559179033788 0.9650620237956202 0.9557728195814719 0.9651181171114744 0.9707347194957343 0.9718923256809558 0.970819460771641 0.9699922653654939 0.9677752661044373 0.968622394299153 0.9700853127933718 0.971689319561171 0.9719007658005949 0.971816209982653 0.9715372015160257 0.9713514568344328 0.9717147842084181 0.9713344014955141
0.9663028334211715 0.9688425895973072 0.9676747143076314 0.9537402153366853 0.9589729264654452 0.9599874806939103 0.9473055002490783 0.9583362487228697 0.9536464848954532 0.9599510905779114 0.95826251646027 0.9603456285415325 0.9656889871929737 0.9659748851202377 0.965182052517938 0.9651208699994323 0.9646172824179222 0.9643161884688677 0.9646128962543986 0.9629619914786656 0.9657761983975381 0.9666430666233384 0.9654452936518416 0.9621778568273367 0.9665189888237243 0.9673881480199501 0.9676395641338067 0.9672706119669655 0.9656333905365351 0.9644918359426454 0.9654544611663806 0.9606663623855322 0.9657404742671238 0.9670449075678939 0.9674304101783107 0.967649586509129 0.9645976566749553 0.956064633662803 0.9651902401937426 0.9643819158131025 0.9639175258118738 0.9626353676152666 0.9641835339626927 0.9516051335421241 0.9631503445960294 0.968520444680681 0.9708615790054653 0.9713851143826314 0.9716809515731378 0.971723193416306 0.9715201976046247 0.9709714964272975
0.9599285916661928 0.958620926664969 0.96608986533107 0.9610472473879332 0.9512873392194918 0.9568049226934912 0.9490434880842389 0.9564016374733708 0.956193515994322 0.9523193520220371 0.9589782554838749 0.9562495013530165 0.9622572956026039 0.9588228440516343 0.9655922241005052 0.9646865110792445 0.9641268759568035 0.9626281691289633 0.9647413980965442 0.9578886514854281 0.9561177669159278 0.9564762220557655 0.9639918645380161 0.9585736196727244 0.9635049408440578 0.9662961993389124 0.9676476950613908 0.9681363699663726 0.9680259599130693 0.9678597170736694 0.9679255416230683 0.9656075840301682 0.9664724357467843 0.9670675043589326 0.9678657617663788 0.9673709701876808 0.9660113742679508 0.9551848730080368 0.961738041733593 0.938726800837276 0.9528142682989789 0.9638403448059844 0.9652156256794494 0.9643901871253159 0.9594615740073389 0.9648114784025303 0.9670692780707805 0.968680694004095 0.9704645322974399 0.9717316129322973 0.9716216439825073 0.9663190930388653
0.9573691507040402 0.9564144337843776 0.9537421165415821 0.9545453847226903 0.9549435353431888 0.9610574710472106 0.9612723602298704 0.9660736581171749 0.9642781838531926 0.9598143386565302 0.9585506149489679 0.9506900077246888 0.955793617047087 0.959204893599141 0.9618725587359492 0.9606497980985855 0.9612604892924278 0.9582292970907081 0.9634324986496536 0.9555986722405971 0.9584135609602039 0.9621249966250626 0.962257179530538 0.9561890688194279 0.9539844967621779 0.9630637847549639 0.9654146993292948 0.9677485770268803 0.9683550939814315 0.9680521329968904 0.9680267096197183 0.9674962150642159 0.9675803908118578 0.9677899960289222 0.9678312506533789 0.9682023490366831 0.9678743768727206 0.9674651568490709 0.9677264317483877 0.9671879210865661 0.9673167540009832 0.967775593004034 0.9682286980473609 0.9687090553387353 0.9682131128150729 0.9659697895257161 0.964550993668195 0.9630847708334364 0.9683146221824876 0.9706333658154443 0.9717485034796788 0.9712751969607996
0.5311933191072246 0.5310715696438488 0.5546301178949897 0.9498524476829044 0.5630632774568192 0.5485193978490766 0.5613651648563676 0.971190682350153 0.9708953292512564 0.9680247693902511 0.9602815209651215 0.9573623623620204 0.963448656804623 0.9620551799639843 0.9570832912279073 0.9605951983425706 0.9519119655550173 0.9550400854095815 0.9627451075343777 0.9615275689732069 0.9674202941432282 0.9690162445459106 0.965269798564932 0.9618660583748565 0.9672737815771514 0.9668713038247067 0.9584252040098654 0.9649125911169422 0.9672867537214672 0.9665400998136537 0.9624492908024906 0.9607950223647445 0.9664407799916714 0.9679598477276095 0.9675801342379636 0.96857503126624 0.9667482280360473 0.9672942586014163 0.9682541108656353 0.9687512660193579 0.9688857732175189 0.9689365170163875 0.9690962417434869 0.9693324214829568 0.9697294886440311 0.9697213469572804 0.9696207235711232 0.9691228792929021 0.9674881578463888 0.9687953289830948 0.9699159439193359 0.9716639888815913
-9999 -9999 0.5153019325042826 0.527318368100835 0.5261329975885379 -9999 0.5133282495745409 0.560902299443123 0.9718161790583427 0.9713682856587522 0.9655785631852177 0.9615574679723704 0.966648789877429 0.9625207925815622 0.9564464885723859 0.9599351758945033 0.9562440035657569 0.9642492623155278 0.9702455004941026 0.9716217882582779 0.9716556621134128 0.9701364891057339 0.9662993566156494 0.96002202672698 0.9683008659592983 0.9696974363610786 0.9693250311077555 0.9668383709366766 0.9598266665741592 0.9568416171553659 0.9588654717405367 0.9625037150232522 0.960862467954424 0.961040338044621 0.9644131667601832 0.968601648462985 0.9645366350862496 0.9661981189537161 0.9683145702531364 0.9699402860755844 0.9677976650861869 0.9682360065848818 0.968818190788061 0.9690794129693876 0.9697294371662931 0.9696954501605171 0.9704806915470832 0.9703371990167616 0.9690808429969533 0.9674409363471306 0.9695043831419647 0.9692763450892455
-9999 -9999 -9999 -9999 0.5318305291530907 -9999 -9999 0.5283514645337523 0.970337415323698 0.9707517131115915 0.9684880313265428 0.9621382380128263 0.9633388797949726 0.9603054456807988 0.9649138379417211 0.9643890073213468 0.9682005312123182 0.9711566745399101 0.9713935751184775 0.9671407512734663 0.9699930989663369 0.9683958465556863 0.967010279585119 0.9682434918392915 0.968948485173248 0.9584665669314978 0.960363821709812 0.9647655096767292 0.963966527947152 0.9633501939716185 0.9672441385713866 0.9679734596120552 0.9661714325432 0.9673780719508113 0.9673829070696083 0.9648925166670869 0.9623624831631626 0.9658042236707534 0.9696302237560459 0.9676993245899889 0.9696117797096114 0.9699406259416441 0.9702274566820113 0.9677565748393152 0.9685663237633201 0.9695441761621745 0.9698225565751779 0.9701428082041378 0.9705652782391152 0.9703712271921722 0.9695371765789622 0.9686363236027021
-9999 -9999 -9999 -9999 -9999 -9999 -9999 0.5058814329604527 0.9708954631687038 0.9651338775663169 0.966370584289984 0.9685699761626962 0.9678388395642672 0.9659822804576847 0.9699403377039212 0.9680477340372043 0.9676736297084596 0.9677532763624699 0.9696806491580683 0.9700447682106347 0.969232550148479 0.9599914399558102 0.964417124643431 0.9650022617734132 0.9690662355783165 0.968937381227784 0.9676711442008591 0.9656932646673914 0.9554971166849522 0.9663959567486575 0.9715455282842044 0.9717062307247594 0.9713681413829816 0.9712243913258692 0.9705911136641729 0.9694785693743803 0.9689741979418585 0.9685609293451584 0.9685953350454478 0.9673368105518746 0.9682571332052159 0.9693844312328208 0.9681041941237464 0.96810427681425 0.9678542784266098 0.9692415247836406 0.9691740860151818 0.9700091036448486 0.9705906501385496 0.9708608888648024 0.9708609918202781 0.9710806927464949
-9999 -9999 -9999 -9999 -9999 -9999 -9999 0.5144661949634698 0.5611305407113413 0.9709713316483194 0.9700604043191822 0.9677573002612104 0.9688047984570859 0.9642698769034369 0.949201732822736 0.9459716042420592 0.9414645819424052 0.960499640893807 0.9644902930209881 0.9672976829310841 0.9701786485594128 0.9641653669898756 0.9529276754577322 0.9637685589911784 0.9676898763344172 0.9641226194368597 0.9645911698554863 0.9645576890916359 0.9496592807443323 0.9667727124902227 0.971114473904037 0.9718669125491078 0.971587811347227 0.9715286068125124 0.9719430488636176 0.9717062204166561 0.9713682341307943 0.968587740176486 0.9599165589631924 0.9693010069971805 0.9693607056680716 0.9683326337656487 0.9684507751131216 0.9686948602684481 0.9692090402382338 0.968829665761641 0.968093608952394 0.9688857940996464 0.9702451500689002 0.9709285643932462 0.9711312820242687 0.9713595260758205
-9999 -9999 -9999 -9999 -9999 -9999 -9999 -9999 0.5133183005494797 0.5603428336828542 0.969284590471602 0.9623881804721943 0.9668058739401453 0.9605330768744094 0.9584224580753177 0.9627998988045345 0.9616746968423833 0.9632131194396378 0.9600403019019632 0.957358184702555 0.9677253703596157 0.9664748227544272 0.9691759162281546 0.9700255316827715 0.9687437104137486 0.9684216069030679 0.9645192734975069 0.9612303693722501 0.9611224052948242 0.9608232018403675 0.968480265974283 0.9712664270823235 0.9714186584789294 0.9718330696057241 0.971342841615153 0.9644027181070906 0.9701189393795993 0.9660017386606315 0.9675128191415663 0.9705487893812956 0.9704473842609287 0.970641816243187 0.9708022714650548 0.971317480023822 0.9710133468764479 0.971325940759668 0.9700265201559439 0.968613069050713 0.9698824812086765 0.9705821070132145 0.9708439055696082 0.9710467777217258
-9999 -9999 -9999 -9999 -9999 -9999 -9999 -9999 -9999 0.5146881381238733 0.5307759120090384 0.5609226450547526 0.9677412071176543 0.9663778216345867 0.9678471454780038 0.9653778155844785 0.9531232479072462 0.9477156331254858 0.9575338003462456 0.9688943580143219 0.9644688271523995 0.9685680218265375 0.9497868902032304 0.9627648398216421 0.9669689500359671 0.966610134786854 0.9616680398995469 0.9563516982094422 0.9646617889939427 0.9700768932773804 0.9687178446791518 0.9711819227797803 0.9711820258231374 0.9716301459382077 0.9697629918719539 0.9699829605326248 0.9663273337072046 0.9705827456259195 0.9694341348802044 0.9715455282842043 0.9717569642155246 0.971748534403989 0.9713681826028362 0.9715203727921465 0.9710389041710672 0.9707514658803451 0.9710050715357869 0.970912188886887 0.9704305757516183 0.9710636579735631 0.9714187100068874 0.9713764578556159
-9999 -9999 -9999 -9999 -9999 -9999 -9999 -9999 -9999 -9999 -9999 0.528106257790654 0.9713258789361657 0.9715963236110309 0.9717908174670117 0.9700011997844676 0.9683527316971731 0.9679993759719335 0.9691840493243349 0.9699421905390893 0.9698407959273996 0.9690991948977875 0.9682551704290857 0.9663753742280854 0.9656909225610298 0.9650224914519289 0.9550965140066093 0.9573619757950406 0.968905863698834 0.9705151627950683 0.9638457928069669 0.9695878689000931 0.9703970727245143 0.9715625425037088 0.9713005173322757 0.9712582239611495 0.9712329035896731 0.9713428210115053 0.9714189367098082 0.9717569642155246 0.9718499807693125 0.9718161996745495 0.970878273912338 0.9704644911278058 0.9701106743847026 0.9690475653811983 0.9689214985027617 0.9701523391502129 0.9711651970992583 0.9713088338049101 0.9713257449684984 0.970709254861047
-9999 -9999 -9999 -9999 -9999 -9999 -9999 -9999 -9999 -9999 -9999 0.5057376829033405 0.9703203084568212 0.9714694950256108 0.9715119532761552 0.9708870951304504 0.9695140880593117 0.9710052466730886 0.9689309993401168 0.9666977640875336 0.9587047199619445 0.9621114678093831 0.9645968826597565 0.9652329598813655 0.9662732711417941 0.964237300449984 0.9595506143568622 0.965817886439461 0.9711229758597374 0.9713344014955139 0.970514864098643 0.9710554857264788 0.9716639579698402 0.9717400839762466 0.9716724187056861 0.9717315923160903 0.9719684310711553 0.9716977802970169 0.9706497826295397 0.9716217779501745 0.9718077080143933 0.971807749246807 0.9707265884308446 0.9686695506441292 0.9689373611761284 0.9681707779236282 0.9687376238997064 0.9699923356911966 0.9702021569141828 0.9705655460237894 0.9706502459166828 0.9702535389743384
-9999 -9999 -9999 -9999 -9999 -9999 -9999 -9999 -9999 -9999 -9999 0.5133536317820787 0.533591596995628 0.5335493448443565 0.5332552335151732 0.5334902639189856 0.5313502707410083 0.5604212605019834 0.9687712853225141 0.968274139674047 0.9692246658880788 0.9697468528745407 0.9695777412260976 0.9692056135514044 0.9692145164940761 0.9566502553403688 0.9642978985603875 0.97048127863183 0.5621823678736237 0.5322071367936635 0.5335492933163984 0.5335577540522444 0.5335577540522444 0.5317965626003633 0.5618097137545166 0.9718415715739838 0.9719430488636176 0.9718415715739838 0.9717485447120925 0.9713513641870605 0.9717147120768124 0.9711822319224105 0.9702121929067502 0.9697318249560377 0.9668548576516587 0.9696869482550369 0.9707599574902809 0.9697548401907956 0.9706753707480288 0.9708949068952675 0.9675708769492825 0.9682649472397421
-9999 -9999 -9999 -9999 -9999 -9999 -9999 -9999 -9999 -9999 -9999 -9999 -9999 -9999 -9999 -9999 -9999 0.5282160103832878 0.9641163718670286 0.9686362320086049 0.969528067938656 0.9661000462647267 0.966183162698613 0.9685569368421602 0.9637880769547055 0.9581255827970614 0.9678381290709339 0.5621739071377778 0.514346674258567 -9999 -9999 -9999 -9999 -9999 0.5141691739556636 0.5618604678614886 0.9717992678947542 0.9720107244422814 0.9717654558756809 0.9708528917048004 0.9707596279699862 0.9710052157613375 0.9687113497284799 0.9675488175939021 0.9680684999006709 0.9710552796774259 0.971638565454199 0.9716216439825072 0.9716132038628681 0.9695100350871003 0.9712667259168498 0.97163012533456
-9999 -9999 -9999 -9999 -9999 -9999 -9999 -9999 -9999 -9999 -9999 -9999 -9999 -9999 -9999 -9999 -9999 0.505712280092155 0.9693361261998459 0.9669247562405389 0.9646088883700438 0.9639020266640012 0.968517646598734 0.9690459403020428 0.9650091928469764 0.967660556686645 0.5626116970916525 0.5143297527868751 -9999 -9999 -9999 -9999 -9999 -9999 -9999 0.5141776346915096 0.5617758811192365 0.9714355902587247 0.9714358581815001 0.9711232436946322 0.9710892668840216 0.9703294490252267 0.970489275741674 0.9678741398117215 0.9709960751427114 0.9717908071589082 0.9717654146432672 0.971723121272141 0.9718584518132618 0.9718922741404387 0.9720530178134076 0.9714527899612954
-9999 -9999 -9999 -9999 -9999 -9999 -9999 -9999 -9999 -9999 -9999 -9999 -9999 -9999 -9999 -9999 -9999 0.5144500219912339 0.5616325841792654 0.9709286056633211 0.9706249256958055 0.9696463228382246 0.9679288753609607 0.9630982473053676 0.9681698322749054 0.9696193139589453 0.5318622014870916 -9999 -9999 -9999 -9999 -9999 -9999 -9999 -9999 -9999 0.5141860851192521 0.5618689285973345 0.9695616847688336 0.9690232337205794 0.971199194613957 0.967093209224621 0.9669980111689269 0.970244007325672 0.9715455282842043 0.9714440406864671 0.9716977802970169 0.9717569539074212 0.9718246088698782 0.9719176769641833 0.9718246707184989 0.9713598249229064
-9999 -9999 -9999 -9999 -9999 -9999 -9999 -9999 -9999 -9999 -9999 -9999 -9999 -9999 -9999 -9999 -9999 -9999 0.515224769087592 0.5336169688950623 0.531703690259567 0.5611506521957205 0.9698155270336611 0.9691560635721085 0.9706416926338434 0.9715455179761009 0.5317646095140751 -9999 -9999 -9999 -9999 -9999 -9999 -9999 -9999 -9999 -9999 0.5142199280626357 0.5622152492263653 0.9689897194319868 0.9713428210115053 0.9707261969866067 0.9687251949885199 0.9712243295023667 0.9716470364981483 0.9715878216553304 0.9718077286306 0.971469402277798 0.9716216439825073 0.9717908380832186 0.971342913759318 0.9712415806826756
-9999 -9999 -9999 -9999 -9999 -9999 -9999 -9999 -9999 -9999 -9999 -9999 -9999 -9999 -9999 -9999 -9999 -9999 -9999 -9999 -9999 0.5286749225070647 0.9713768802618251 0.9714779660570009 0.9717738650710096 0.5621823678736237 0.5151572274263749 -9999 -9999 -9999 -9999 -9999 -9999 -9999 -9999 -9999 -9999 -9999 0.5147045142324448 0.5334902639189856 0.5335493448443565 0.5335408841085106 0.533591596995628 0.5335831362597822 0.533591596995628 0.533591596995628 0.5335831362597822 0.5335831362597822 0.5336169688950623 0.5334902639189856 0.5335493448443565 0.5317796926566295
