resources/Input/dataET_point/Cavone/3/dem_3.asc
ncols         40
nrows         33
xllcorner     621888
yllcorner     4469096
cellsize      240
NODATA_value  -9999
-9999 -9999 -9999 -9999 -9999 -9999 -9999 -9999 160 -9999 -9999 -9999 -9999 -9999 -9999 -9999 -9999 -9999 -9999 -9999 -9999 -9999 -9999 -9999 -9999 -9999 -9999 -9999 -9999 -9999 -9999 -9999 -9999 -9999 -9999 -9999 -9999 -9999 -9999 -9999 
-9999 -9999 -9999 -9999 -9999 173 178 163 142 152 -9999 -9999 -9999 -9999 -9999 -9999 -9999 -9999 -9999 -9999 -9999 -9999 -9999 -9999 -9999 -9999 -9999 -9999 -9999 -9999 -9999 -9999 -9999 -9999 -9999 -9999 -9999 -9999 -9999 -9999 
-9999 -9999 -9999 -9999 214 190 150 173 160 140 155 -9999 -9999 -9999 -9999 -9999 -9999 -9999 -9999 -9999 -9999 -9999 -9999 -9999 -9999 -9999 -9999 -9999 -9999 -9999 -9999 -9999 -9999 -9999 -9999 -9999 -9999 -9999 -9999 -9999 
-9999 -9999 -9999 -9999 203 182 180 150 135 125 137 148 -9999 -9999 -9999 -9999 -9999 -9999 -9999 -9999 -9999 -9999 -9999 -9999 -9999 -9999 -9999 -9999 -9999 -9999 -9999 -9999 -9999 -9999 -9999 -9999 -9999 -9999 -9999 -9999 
-9999 -9999 -9999 -9999 190 191 155 180 150 123 138 125 -9999 -9999 -9999 -9999 -9999 -9999 -9999 -9999 -9999 -9999 -9999 -9999 -9999 -9999 365 388 -9999 -9999 -9999 -9999 -9999 -9999 -9999 -9999 -9999 -9999 -9999 -9999 
-9999 -9999 -9999 -9999 172 149 137 181 150 135 123 120 130 125 125 138 -9999 -9999 -9999 -9999 -9999 -9999 -9999 -9999 -9999 -9999 275 335 312 340 -9999 -9999 -9999 -9999 -9999 -9999 -9999 -9999 -9999 -9999 
-9999 -9999 -9999 -9999 200 168 125 133 140 115 115 125 120 135 150 143 148 -9999 183 180 -9999 -9999 180 218 228 273 222 240 278 330 -9999 -9999 -9999 -9999 -9999 -9999 -9999 -9999 -9999 -9999 
-9999 -9999 -9999 -9999 224 158 155 120 117 110 108 108 110 137 165 185 175 174 148 133 126 140 155 158 203 212 185 195 203 252 297 270 -9999 -9999 -9999 -9999 -9999 -9999 -9999 -9999 
-9999 -9999 -9999 -9999 225 185 175 127 115 112 105 118 145 152 149 143 145 137 125 125 160 150 182 185 207 210 175 152 185 205 195 190 -9999 -9999 -9999 -9999 -9999 -9999 -9999 -9999 
-9999 -9999 -9999 -9999 -9999 215 175 158 148 118 105 118 126 125 138 133 120 125 110 125 140 162 175 210 223 175 183 165 140 140 160 142 145 -9999 -9999 -9999 -9999 -9999 -9999 -9999 
-9999 -9999 -9999 -9999 195 195 158 190 188 138 107 103 127 125 135 115 110 110 120 145 126 133 145 188 200 160 148 175 158 135 120 125 135 123 127 -9999 -9999 -9999 -9999 -9999 
-9999 -9999 -9999 155 136 163 158 190 197 163 115 100 115 127 127 108 108 122 128 133 117 120 135 150 195 145 122 163 148 145 138 118 112 115 113 -9999 -9999 -9999 -9999 -9999 
-9999 -9999 103 107 135 175 160 140 170 170 130 108 100 125 110 108 123 150 137 118 113 127 138 148 145 163 113 137 133 118 132 135 125 105 108 110 115 -9999 -9999 -9999 
-9999 -9999 96 98 110 162 138 137 150 155 112 97 112 115 103 115 123 135 122 118 107 127 127 133 132 133 135 112 112 108 118 115 118 105 108 108 117 123 -9999 -9999 
-9999 88 87 87 96 87 95 120 120 133 115 97 135 103 108 140 145 125 103 103 105 135 130 120 127 115 118 110 102 104 104 112 97 96 110 126 116 130 -9999 -9999 
-9999 140 114 90 81 80 80 90 125 108 90 97 127 103 105 118 120 118 98 123 125 132 112 115 122 105 112 105 97 90 98 90 99 95 100 128 138 140 -9999 -9999 
-9999 160 140 125 83 80 77 80 95 110 90 120 120 112 95 110 125 98 98 115 117 132 100 110 105 98 102 102 103 95 80 100 95 98 99 120 160 197 180 245 
-9999 145 132 110 98 80 76 78 80 90 88 100 143 142 100 95 112 95 105 105 115 115 97 98 95 92 88 83 103 90 80 95 90 102 122 135 158 195 225 293 
160 148 136 130 115 93 76 75 77 82 85 90 100 120 95 93 93 95 108 115 125 120 99 93 90 83 78 92 103 96 75 90 93 100 118 133 160 190 275 345 
-9999 180 140 140 136 133 105 85 75 75 80 85 87 90 93 124 100 103 111 112 102 120 98 88 80 80 73 82 90 94 75 97 95 112 115 152 207 210 263 312 
-9999 205 180 175 138 144 110 95 77 75 75 80 80 85 90 138 138 110 90 110 100 113 92 85 77 73 78 75 87 85 75 77 120 102 110 135 165 185 220 275 
-9999 -9999 195 193 172 153 133 112 110 83 75 75 75 80 85 98 125 125 85 85 103 132 108 87 89 73 80 73 78 73 77 77 85 122 105 120 145 -9999 -9999 -9999 
-9999 220 206 167 150 145 152 133 113 90 90 85 75 75 78 82 77 75 75 78 90 98 85 93 96 73 73 87 70 70 80 78 90 108 95 138 165 -9999 -9999 -9999 
285 265 225 185 172 145 120 123 100 105 98 103 102 75 75 72 70 65 65 65 70 85 77 90 108 88 70 75 68 83 83 74 94 107 95 128 -9999 -9999 -9999 -9999 
322 307 253 212 200 160 135 118 120 135 112 110 95 90 80 90 80 65 65 65 65 65 68 88 102 90 75 68 68 103 84 70 82 90 90 157 135 -9999 -9999 -9999 
-9999 340 280 252 225 192 190 155 178 180 140 135 115 96 110 132 115 88 85 82 72 65 65 65 78 76 80 68 72 100 88 65 73 78 82 93 -9999 -9999 -9999 -9999 
-9999 -9999 310 300 268 242 220 190 -9999 195 198 167 125 107 110 140 108 105 90 88 74 65 65 65 65 65 65 65 68 83 90 65 73 77 -9999 -9999 -9999 -9999 -9999 -9999 
-9999 -9999 -9999 -9999 293 -9999 -9999 -9999 -9999 -9999 -9999 -9999 160 120 112 133 118 135 113 108 85 73 65 65 65 65 65 65 65 80 90 65 65 78 -9999 -9999 -9999 -9999 -9999 -9999 
-9999 -9999 -9999 -9999 -9999 -9999 -9999 -9999 -9999 -9999 -9999 -9999 -9999 135 123 123 -9999 132 108 90 113 83 65 65 65 65 72 70 65 65 77 65 65 75 -9999 -9999 -9999 -9999 -9999 -9999 
-9999 -9999 -9999 -9999 -9999 -9999 -9999 -9999 -9999 -9999 -9999 -9999 -9999 -9999 -9999 -9999 -9999 -9999 135 100 120 86 83 85 83 75 72 70 65 65 65 65 65 88 -9999 -9999 -9999 -9999 -9999 -9999 
-9999 -9999 -9999 -9999 -9999 -9999 -9999 -9999 -9999 -9999 -9999 -9999 -9999 -9999 -9999 -9999 -9999 -9999 -9999 110 110 108 110 108 127 107 75 73 70 65 65 65 73 90 -9999 -9999 -9999 -9999 -9999 -9999 
-9999 -9999 -9999 -9999 -9999 -9999 -9999 -9999 -9999 -9999 -9999 -9999 -9999 -9999 -9999 -9999 -9999 -9999 -9999 -9999 -9999 -9999 -9999 -9999 -9999 -9999 -9999 74 73 72 71 65 70 -9999 -9999 -9999 -9999 -9999 -9999 -9999 
-9999 -9999 -9999 -9999 -9999 -9999 -9999 -9999 -9999 -9999 -9999 -9999 -9999 -9999 -9999 -9999 -9999 -9999 -9999 -9999 -9999 -9999 -9999 -9999 -9999 -9999 -9999 -9999 -9999 -9999 69 68 59 -9999 -9999 -9999 -9999 -9999 -9999 -9999 
