resources/Input/dataET_point/Cavone/3/sky_3.asc
NCOLS 40
NROWS 33
XLLCORNER 621888.0
YLLCORNER 4469096.0
CELLSIZE 240.0
NODATA_VALUE -9999
-9999 -9999 -9999 -9999 -9999 -9999 -9999 -9999 -9999 -9999 -9999 -9999 -9999 -9999 -9999 -9999 -9999 -9999 -9999 -9999 -9999 -9999 -9999 -9999 -9999 -9999 -9999 -9999 -9999 -9999 -9999 -9999 -9999 -9999 -9999 -9999 -9999 -9999 -9999 -9999
-9999 -9999 -9999 -9999 -9999 -9999 -9999 -9999 -9999 -9999 -9999 -9999 -9999 -9999 -9999 -9999 -9999 -9999 -9999 -9999 -9999 -9999 -9999 -9999 -9999 -9999 -9999 -9999 -9999 -9999 -9999 -9999 -9999 -9999 -9999 -9999 -9999 -9999 -9999 -9999
-9999 -9999 -9999 -9999 0.4875315368322118 0.5342503256455009 0.960481594319133 0.9711824584872298 0.9706418780792486 0.534714701908556 0.48656889648078894 -9999 -9999 -9999 -9999 -9999 -9999 -9999 -9999 -9999 -9999 -9999 -9999 -9999 -9999 -9999 -9999 -9999 -9999 -9999 -9999 -9999 -9999 -9999 -9999 -9999 -9999 -9999 -9999 -9999
-9999 -9999 -9999 -9999 0.5057292736954526 0.9688242152034107 0.9709795657691257 0.9666639853302278 0.9664124041874386 0.9662285315649889 0.534694708345655 0.48696901951768934 -9999 -9999 -9999 -9999 -9999 -9999 -9999 -9999 -9999 -9999 -9999 -9999 -9999 -9999 -9999 -9999 -9999 -9999 -9999 -9999 -9999 -9999 -9999 -9999 -9999 -9999 -9999 -9999
-9999 -9999 -9999 -9999 0.5054503991462723 0.9690494594356706 0.9640472324445651 0.9714019946344685 0.9676649528162765 0.9672438318958744 0.9706921583022735 0.5019948451127575 -9999 -9999 -9999 -9999 -9999 -9999 -9999 -9999 -9999 -9999 -9999 -9999 -9999 -9999 0.4857214376144501 0.48707486614619977 -9999 -9999 -9999 -9999 -9999 -9999 -9999 -9999 -9999 -9999 -9999 -9999
-9999 -9999 -9999 -9999 0.5052663412167382 0.9595440927529546 0.9569847930944795 0.9701521235584271 0.9672788858929297 0.9694193539420927 0.9698310687887618 0.5344156795765778 0.5041081704919315 0.5055602753482495 0.505518074674716 0.4867831512267527 -9999 -9999 -9999 -9999 -9999 -9999 -9999 -9999 -9999 -9999 0.4931303799704973 0.5322529931210055 0.49485071763633065 0.4857110197162234 -9999 -9999 -9999 -9999 -9999 -9999 -9999 -9999 -9999 -9999
-9999 -9999 -9999 -9999 0.50534290731938 0.9622708248917162 0.9596835728282398 0.9626455536921581 0.9676463103765806 0.9666076316211281 0.968970226042324 0.9702611759658312 0.9692568504828443 0.9684460206286811 0.9684139531288976 0.5337127458088889 0.4855575573940347 -9999 0.4874976938888282 0.4870694359155475 -9999 -9999 0.48765098331192513 0.5042275409591214 0.5017170889744579 0.4998441103692635 0.5196495684549856 0.9412402580355512 0.9483196453387409 0.5019462752981377 -9999 -9999 -9999 -9999 -9999 -9999 -9999 -9999 -9999 -9999
-9999 -9999 -9999 -9999 0.5058560713691218 0.9520358330124914 0.9658258524920859 0.9618577255654412 0.9663635090017546 0.9671285898817668 0.968235872479358 0.9682943566140911 0.9614116661989518 0.9684912047900848 0.9704568433764124 0.9718838855487577 0.5353785860450253 0.520688860764651 0.5328823788896019 0.5295256312108108 0.4975781557503647 0.500562317124775 0.5300175050898925 0.9483067417112242 0.9605252067622265 0.96000253470576 0.9400798835123221 0.9528390147276934 0.9369405284035487 0.5257029124274305 0.5045397949466565 0.4857781322382731 -9999 -9999 -9999 -9999 -9999 -9999 -9999 -9999
-9999 -9999 -9999 -9999 0.5147289892380067 0.5564792313858193 0.966545826836648 0.9588709513021617 0.9651549799658785 0.9669651022906945 0.968110710430694 0.9680123783755681 0.9704302464446396 0.9710215706514893 0.9698600790192639 0.9659942581651516 0.9664731039821134 0.9663578851164317 0.9657157121776855 0.9662222597199456 0.9702788589946413 0.9660207904396336 0.9673419766442327 0.9640381993579263 0.9681816548635578 0.9667256113543007 0.9589335041324423 0.9495605719849732 0.95784953763059 0.9507192540348532 0.9419403159374425 0.4923174097196692 -9999 -9999 -9999 -9999 -9999 -9999 -9999 -9999
-9999 -9999 -9999 -9999 -9999 0.5209255243824145 0.9654698925524738 0.9646090557599769 0.9630682043660282 0.9622346472055764 0.966557290968945 0.9687602200890829 0.9689459545127929 0.967211481819173 0.9699498996119676 0.9690737398567867 0.9672966841503584 0.9689977583763948 0.965510479537582 0.9661625504447009 0.9686018135931977 0.9689246648065558 0.9666873821077054 0.9690590308495229 0.9697834516769618 0.9588518725785801 0.9666633985119368 0.9638100095823569 0.9578166892686781 0.9538991879659452 0.9593062505839545 0.526632878936338 0.48325182758772445 -9999 -9999 -9999 -9999 -9999 -9999 -9999
-9999 -9999 -9999 -9999 0.4865117227648568 0.535508991015336 0.9590601701165311 0.9705234484438326 0.967185860385328 0.9592692488846101 0.9634431230119614 0.9654935583669046 0.9701345636246289 0.9700501931893128 0.9708611669575796 0.9678914525643093 0.9683893483202681 0.9679162071698365 0.9685496388635367 0.9709797612590355 0.9681979588316414 0.965335894292831 0.9587497307896795 0.9655699376201733 0.9685194382622816 0.958331365313298 0.96189698509533 0.968888458615381 0.9663876495529998 0.9634239088442031 0.9615083624402558 0.9659986157155137 0.5325922721169188 0.502286483263059 0.4866703634748785 -9999 -9999 -9999 -9999 -9999
-9999 -9999 -9999 0.4860243933430142 0.5266849980346116 0.9669856472848657 0.9675262630884908 0.9696719725668996 0.9712414055453739 0.9653016197492551 0.9605086083895402 0.9652607252115526 0.9692814921885243 0.9707510332288116 0.9704723647286843 0.9680601618714916 0.9669881330752652 0.9682140986800447 0.969662235120158 0.9703046941185013 0.9674904387578424 0.9669124617449691 0.9660780626208808 0.9603853831660307 0.9697660892021353 0.9570361743567919 0.9549903702194343 0.9684959737018654 0.9678069946194032 0.9680157552406065 0.9684618579978171 0.9668052849606878 0.9663423961071931 0.9694241679054357 0.5035542067614466 -9999 -9999 -9999 -9999 -9999
-9999 -9999 0.4869690298257931 0.5312546206363266 0.9636533908246516 0.9705826632866505 0.9693669130836121 0.957040826826546 0.9685873273770732 0.9684787069807789 0.9649431054468445 0.9682660029808198 0.9662136849196868 0.9710299489476263 0.9685555173734922 0.9689534487459628 0.9681991510446637 0.9711990399924216 0.9704480015171747 0.9689036315842051 0.968591674256809 0.9695383277241951 0.9693714277755435 0.9675535256055412 0.9653424030870732 0.9687286317326583 0.9568443585371106 0.9685397064559474 0.9685893110709738 0.966385354245759 0.9691549207557303 0.9703255113351138 0.9700784137457562 0.9693525291589494 0.534341969613308 0.503577202967901 0.48708428122973546 -9999 -9999 -9999
-9999 -9999 0.5036559928046316 0.9655827951206953 0.9572041913809753 0.9658732373173036 0.9654323854706869 0.9663407556867485 0.9689475809959078 0.9692010012561646 0.9601313745236966 0.966186550903979 0.968786178420343 0.9699577737648384 0.9679179724509842 0.9673130406076282 0.9680779881724056 0.9708444103150862 0.9687539706014152 0.9697892384916458 0.9678239414134507 0.9698406405030779 0.9700621507376056 0.9700026288593202 0.9679522468814479 0.9692218975034546 0.9686987660193582 0.967457829513255 0.9690007179287285 0.9677374927214301 0.9692696809979117 0.9697665610668008 0.9701793055182494 0.9696565304441077 0.9703563319372058 0.9692335371663712 0.534909658537349 0.48753153683221157 -9999 -9999
-9999 -9999 0.5321724404498027 0.966370654264452 0.9672157170686493 0.9574611689528422 0.9599285995029516 0.9666503512036956 0.9668193457412072 0.9691408403642698 0.9678132838094778 0.9643358123967309 0.9711059822564403 0.9674495992214089 0.968124726843715 0.9705148331366716 0.9716556517550891 0.9695025109952711 0.966721912092974 0.9669787246807737 0.9648201428445007 0.9707353572050295 0.9707102324239036 0.9699752301409484 0.9702474652254507 0.9693770506140978 0.9695396552104211 0.9692857723277674 0.9691843148394836 0.9696064142472491 0.969512503360052 0.9703648442010095 0.9686267316234133 0.9692504575849713 0.9694616780743709 0.9700781266615036 0.9681637572224369 0.5305539744389489 -9999 -9999
-9999 -9999 0.9641997054754751 0.9624574540123088 0.9660386576578468 0.96700070269829 0.9645798255765425 0.965104490884383 0.9695695380170424 0.9691312368349756 0.965127960826777 0.9633714948347502 0.970936922085735 0.9666641464901524 0.9678726620769842 0.9686786778946541 0.9695626304664923 0.9695200082400011 0.9677064163695108 0.9706330257485655 0.9705316926719231 0.9712505045801676 0.9681617951492643 0.9701020792923556 0.9704991879744822 0.9689973366231684 0.9703565082781981 0.9702806384442929 0.9696554409837864 0.9688618920783998 0.9701446400342032 0.9689123788020909 0.9703974326924498 0.9691743942670825 0.9668276634044843 0.9679414701409931 0.9650075803496906 0.5061025074069535 -9999 -9999
-9999 -9999 0.9691486737991195 0.9681554011470405 0.9623901185939854 0.9680353361876338 0.967319261027109 0.9649304533289946 0.9672291399342773 0.9702529109709347 0.9678565089505585 0.9689034358432559 0.9688539266322015 0.966215006265555 0.9665286576808789 0.9697379597883592 0.9711230788152135 0.9669337585159717 0.9686077835963209 0.9705824055590406 0.9702279509185666 0.9708446059054368 0.9660393623394238 0.9705660608138339 0.9701443110282395 0.9698077136002471 0.970465067051259 0.9703137104627918 0.9705582585415296 0.9701187742996068 0.9681429795725751 0.9706504826766676 0.9701107661790684 0.9694282356668951 0.9663051350614055 0.9640817460567016 0.9657220893781346 0.5345544580161359 -9999 -9999
-9999 -9999 0.9685509963086173 0.965537578205239 0.967220435138287 0.9654733503039618 0.967513187712631 0.9679588296975254 0.9675550598312636 0.968480924889438 0.9671536238197732 0.9638695679548057 0.9703882106003041 0.9707094197404654 0.964638227447179 0.9676997340302242 0.9705401535583683 0.9679845694656172 0.9701174052423532 0.9692145990339803 0.9705822099686902 0.9702954410016671 0.9670458948890006 0.9703968257066462 0.9703635695970318 0.9704313271135714 0.970245232207595 0.9673173282103842 0.9710307521259928 0.9696960777625278 0.9688010219974865 0.9703554377165508 0.9695536344248351 0.9696047900707703 0.9694113762822427 0.9660502816450779 0.9638252216523613 0.9645556266775623 -9999 -9999
-9999 -9999 0.9668187644787637 0.9683685732017907 0.9672196659294694 0.9622777813902433 0.9644510833693329 0.9675218844563844 0.9685152610659551 0.9692487094108033 0.9690714871379595 0.9669239610562546 0.963708811286535 0.9686521555018688 0.9660622362211366 0.9668531865791399 0.9683487927775456 0.9689523270579955 0.970624307598867 0.9709120135989862 0.9714105892249821 0.9709796891776502 0.9692836333617941 0.9704896569781871 0.9705574764686444 0.9702787868630358 0.9698733518517846 0.9703296850324 0.9709883250005775 0.9702869802658212 0.9678908868987391 0.9704216414455821 0.9697552414787807 0.9687793408470118 0.9678625071074234 0.9632501972057854 0.95896098877588 0.9576439747939234 -9999 -9999
-9999 -9999 0.9576915891067093 0.9653148977507303 0.9682869924313828 0.9686123093491672 0.966168145049273 0.9675340984776424 0.9677335059327549 0.9680516711265709 0.9689202646173549 0.9687013755223037 0.9668105464919414 0.9679461087634649 0.9641712980302648 0.9696456123448919 0.9650867796932686 0.9689427523747894 0.9709709298080967 0.9709033264112586 0.9681107105812932 0.9711233361914053 0.9688032139459029 0.9697298594720621 0.9698561936201079 0.970675401509181 0.969687483410249 0.9699579796130722 0.9708021889249667 0.9707346060941158 0.9686838481179003 0.9695708342777597 0.9688209779596922 0.969833792282968 0.9680117546059623 0.9596063196312883 0.9680411764105734 0.9649085783382334 -9999 -9999
-9999 -9999 0.5584847976640881 0.9678400819038542 0.9619956161453922 0.9687142574644003 0.964612821382597 0.9659957942164684 0.9651329563504958 0.9670131775277043 0.9680691572107412 0.9683722932823636 0.9685991791367579 0.9686672961199497 0.9620151700074393 0.9697219854193864 0.9713427694835471 0.9682665491954807 0.9657050753348908 0.9709708165947376 0.9681624711568848 0.9703723802435038 0.9667524685454858 0.9696709431750704 0.9699153156147343 0.9701933459162926 0.9705488199918489 0.9701095005289041 0.9709710328514535 0.9708866932275099 0.9692077639789518 0.9652324753077168 0.9706502872871361 0.9682034913785179 0.967220065972976 0.9606178592913283 0.5623141143607019 0.528402940081475 -9999 -9999
-9999 -9999 0.5176654656687785 0.9682254082249647 0.9685197951223832 0.9681509171918651 0.9673238146339094 0.9665300798606559 0.9684181136256107 0.9663310435174458 0.9672026607139985 0.9678159125388489 0.9682792562629678 0.9687521298800701 0.9658253833033328 0.963769399852481 0.968393410247027 0.9690664117688934 0.9649988287799979 0.967943214305564 0.968587490350148 0.9716894020008804 0.9695721613123721 0.9691999303935029 0.9703036134495698 0.9695691775974936 0.9707934192473101 0.969762919690128 0.9707849173418296 0.9700502446670508 0.9702030624458124 0.9679039839402205 0.9656929687953262 0.9709713315980989 0.9656365531759096 0.9637278490862679 0.530225513689754 -9999 -9999 -9999
-9999 -9999 0.5323801053251241 0.958140310454904 0.9615105656893576 0.9646362585226342 0.9679994049288325 0.9671076258730862 0.9669969092211691 0.9659450467211826 0.9672234048461088 0.9678861272184899 0.9670692633915464 0.9680541375943535 0.9683816073200242 0.9666336206230829 0.963982783491495 0.9609233268273267 0.9671935515768493 0.9691233102514701 0.9680440715094754 0.9679863089112998 0.967701896662053 0.9703376211217114 0.9706581506301319 0.9672643094104397 0.9702699970710056 0.9711738638339367 0.9698983943563592 0.97018500878979 0.9704810314131427 0.9695867577710235 0.9680392721995128 0.9699247649241315 0.9617827842733193 0.5603516273025081 0.515098064111515 -9999 -9999 -9999
-9999 -9999 0.9537504157854121 0.956708597529821 0.9625854919080069 0.9607050473929007 0.9589954067456303 0.9634027782264918 0.9615404955879882 0.9652820172554114 0.9652905333198535 0.9677308084272919 0.969015738998135 0.9670542318634376 0.9683899548550087 0.9678765134327787 0.9672206098234251 0.9677347053977334 0.9688516423374267 0.9683050891300452 0.968229427250741 0.9698075073003999 0.9691557439710211 0.96984797995235 0.9715795875721851 0.969713431985948 0.9690797113646148 0.9706328611201865 0.9694801958915206 0.9699665947194138 0.9705150802047601 0.9695020165578967 0.9705150700974755 0.9703729768335676 0.9594019612094382 0.5406028213054263 -9999 -9999 -9999 -9999
-9999 -9999 0.9529616843877879 0.956154811525377 0.9620236056769682 0.9568906747366022 0.9573380042996174 0.9525081934805273 0.9548800706178691 0.9622840026732274 0.958849021087058 0.9661735164828872 0.9658473066052108 0.96733339124247 0.9646411486672298 0.9652306008944332 0.9640047142839422 0.9653466387942562 0.9678658852251234 0.9690713227603749 0.969113193976331 0.9696878636431566 0.9686330532426871 0.9696376766569736 0.9710216530911988 0.9705826425198449 0.9703203805005456 0.9701772481889538 0.9656248672253871 0.9710554238904172 0.9696794862000264 0.9686931727643119 0.9693027869481148 0.9688181680562158 0.9620655790222443 0.5428611430096739 0.53132600009285 -9999 -9999 -9999
-9999 -9999 0.5517168652366364 0.9575808982447481 0.9561649404943348 0.952252076178759 0.9612773683715877 0.5555472371335112 0.5470260190121023 0.5610291039990225 0.9557785303229178 0.9625540711942865 0.964472189227105 0.9666419381870327 0.9667480978786215 0.9694771802654715 0.9680722123176458 0.967786717252498 0.969603771338279 0.9699662449091667 0.9697212029952667 0.969880958082125 0.9697208735376892 0.9679723836911662 0.9694278865083464 0.9703040870824776 0.9710301962165339 0.9702865478652654 0.967501242201528 0.9712582651810039 0.9702446562841416 0.9680783798668875 0.970127379097845 0.5610025796865576 0.5308516877910614 0.514780640238851 -9999 -9999 -9999 -9999
-9999 -9999 0.5142755787665955 0.5310801863852513 0.544217057248502 0.5302703809659366 0.5313474779046718 0.5153780585106887 -9999 0.514642224615463 0.533355098207063 0.5294815352873407 0.5548233617800845 0.965602613592742 0.9658929873002164 0.9716302901511992 0.9674936411680962 0.9669477255576219 0.9674612216049463 0.9688451270339011 0.9684345898823494 0.9691649663641808 0.9697800264440669 0.9700923938628466 0.9701347179951249 0.9703118168092238 0.9703204114122967 0.9703880354630026 0.9690502678578041 0.9707431492194505 0.9709624794682356 0.9679606194547299 0.9701453079031719 0.5309407722487893 -9999 -9999 -9999 -9999 -9999 -9999
-9999 -9999 -9999 -9999 0.5333565665918156 -9999 -9999 -9999 -9999 -9999 -9999 -9999 0.5136468900073492 0.5588493012257739 0.9668224962637985 0.5627132259218034 0.5481881346706807 0.5617590523953571 0.9695714929421203 0.9706837387862823 0.9685275470185502 0.96795283173607 0.9693251545666839 0.9698984457713794 0.970210813190159 0.9704134997588314 0.9702951629716072 0.970615867516889 0.9698733313485155 0.9710215707017096 0.9715034204087034 0.9683394066961604 0.9698316033921652 0.5312830482079622 -9999 -9999 -9999 -9999 -9999 -9999
-9999 -9999 -9999 -9999 -9999 -9999 -9999 -9999 -9999 -9999 -9999 -9999 -9999 0.5143419689815647 0.533456338586113 0.5152247690875918 -9999 0.5141185949859933 0.5575428159051855 0.9648933851488624 0.9710976451801583 0.9669735988933923 0.9672447610522042 0.9679368386023686 0.9682406619931367 0.9688306078502443 0.9708783045730496 0.9712330992301823 0.9708778205943772 0.9697898866973039 0.9711740389712386 0.9700847974889959 0.9698904684622134 0.5308858367209586 -9999 -9999 -9999 -9999 -9999 -9999
-9999 -9999 -9999 -9999 -9999 -9999 -9999 -9999 -9999 -9999 -9999 -9999 -9999 -9999 -9999 -9999 -9999 -9999 0.5137989668828602 0.5594136578120518 0.9715202388244792 0.9653622437252549 0.9672621127181947 0.9670690994753732 0.9661108037078524 0.9658071825355836 0.9691729895666279 0.9710220134103071 0.9710551663259658 0.9710554238904174 0.9712329241431007 0.9707425210152276 0.9688465355547758 0.5315871710472332 -9999 -9999 -9999 -9999 -9999 -9999
-9999 -9999 -9999 -9999 -9999 -9999 -9999 -9999 -9999 -9999 -9999 -9999 -9999 -9999 -9999 -9999 -9999 -9999 -9999 0.5151993971881577 0.5335831362597822 0.5335577643603479 0.5335408841085105 0.5334059654646763 0.5336169688950623 0.5334144262005222 0.5312754932910531 0.5620196303342716 0.9712245561048473 0.9711989060749746 0.9711820258231373 0.9710383891174853 0.5618807141155631 0.5151741488980668 -9999 -9999 -9999 -9999 -9999 -9999
-9999 -9999 -9999 -9999 -9999 -9999 -9999 -9999 -9999 -9999 -9999 -9999 -9999 -9999 -9999 -9999 -9999 -9999 -9999 -9999 -9999 -9999 -9999 -9999 -9999 -9999 -9999 -9999 -9999 -9999 -9999 -9999 -9999 -9999 -9999 -9999 -9999 -9999 -9999 -9999
-9999 -9999 -9999 -9999 -9999 -9999 -9999 -9999 -9999 -9999 -9999 -9999 -9999 -9999 -9999 -9999 -9999 -9999 -9999 -9999 -9999 -9999 -9999 -9999 -9999 -9999 -9999 -9999 -9999 -9999 -9999 -9999 -9999 -9999 -9999 -9999 -9999 -9999 -9999 -9999
