resources/Input/dataET_point/Cavone/6/sky_6.asc
NCOLS 81
NROWS 48
XLLCORNER 597168.0
YLLCORNER 4472456.0
CELLSIZE 240.0
NODATA_VALUE -9999
[rows 22 to 43 of 48, columns 0 to 49 of 81]
-9999 -9999 0.9364115886758716 0.9232368729806908 0.9444149178727814 0.9376901142043914 0.9548712436615939 0.9661301684180812 0.9600084761671434 0.941754244183413 0.9451824630932745 0.9356561494715736 0.9469871039087515 0.9473683643216916 0.9367344373600439 0.945955225322377 0.9466920797482012 0.9620441935919313 0.949399510000735 0.9416999952020222 0.9394496108777447 0.9568676514644812 0.9610915298076267 0.9538103761023716 0.96433697319424 0.9657377989382088 0.9673684081545899 0.9653745146862253 0.9655205194973214 0.9577570753658091 0.9567657643767549 0.9606070752548274 0.9613406026862245 0.963221540796408 0.9632368622573239 0.964053729974997 0.9653818037487235 0.9647539337292953 0.9633615839645696 0.9541856909285918 0.9366401781741182 0.9546901969700142 0.9500685605722008 0.9361048867987973 0.9371109865972347 0.9432831360747624 0.9599537395818396 0.9572187105602485 0.9504890311014536 0.9528350089424046
-9999 -9999 0.9232117732767956 0.9369491469910297 0.948170408483043 0.9427913141791286 0.9631565709844773 0.9607851273553885 0.9557856747934709 0.9485943379624139 0.9432177084600395 0.9383073227879924 0.9481008430691176 0.9495005338557153 0.9393215662425908 0.9387776440171749 0.9427830287292102 0.958795216769747 0.9366804562608056 0.9347398537161162 0.9442045544590689 0.9677785767821806 0.955691300381792 0.9545578957095867 0.957368949473209 0.9556040735131741 0.9516374272123247 0.9435949188061439 0.9418057682481745 0.9390266188418163 0.9437759627052682 0.9422538396513401 0.941919208710463 0.9491898551298351 0.9516608212053572 0.9502656806397393 0.9544075790953069 0.9580381110983522 0.9621471342992367 0.9595737169258591 0.954019296636286 0.9491765238671681 0.9494980958754301 0.9429126306325198 0.9449966498967427 0.9403172849956524 0.9410636797336835 0.9623003176453332 0.9572611215085366 0.9520810340447662
-9999 -9999 0.5518466103029473 0.9494070465952564 0.9613641974457818 0.9458933594521289 0.9459037744056799 0.9433217701463467 0.94268354975312 0.933121026452929 0.939315725408479 0.9385784104866379 0.9414120645846847 0.9492182579969389 0.953810491197264 0.954339071010887 0.9552335602713325 0.9652464850918 0.9439293339679037 0.9403474855186633 0.954058911934889 0.9693016046408863 0.9374874906389167 0.938901632771634 0.9291245305465526 0.9399376266582792 0.9255864099498402 0.9259371397034118 0.9028185615109517 0.934490804108172 0.9393748464652205 0.9371973166547882 0.9375001404066169 0.9348239807360347 0.9316112467367226 0.9330287213739228 0.9415994962121985 0.9404655955032011 0.9490959749496564 0.9561421257972618 0.9407810684252874 0.9272301342177176 0.9332952373141988 0.9372845428600214 0.944900175725421 0.9477360967017499 0.9434871590389711 0.9517110740282448 0.9548693396695332 0.9570803463853762
-9999 -9999 0.5125764517374856 0.5294779126187188 0.5564274403953717 0.9392940435073138 0.9257018791712331 0.9409599622245561 0.9384254903529894 0.9408954555252581 0.9417534031836543 0.9393224504906046 0.9447787414262512 0.9433763362508292 0.9490393913687728 0.9543878277829473 0.9561403285789354 0.9716640404095493 0.9524159391275735 0.9441655396069296 0.9662885852189429 0.9585937797271317 0.937479539709643 0.9472353907213645 0.9489124167004442 0.950487185963319 0.9446631912743336 0.9362042151832194 0.938944587801637 0.9360953017765892 0.9468048992824218 0.9495297863408644 0.9515416886924022 0.948470495936813 0.9489438988198857 0.9515707279990365 0.9484690836110646 0.9532464946724685 0.9600965570864635 0.9532539807921546 0.9520959844621928 0.9437720707476422 0.9359683769094604 0.9346237998468128 0.9507067909473247 0.952566564491084 0.9575221576202098 0.9570625456442207 0.9522251299107929 0.9515086211065916
-9999 -9999 -9999 -9999 0.5281066231984503 0.9331803250917943 0.9335634583094359 0.9346228082044586 0.9387622605668295 0.9468873611190264 0.9469397691920165 0.9449641129566335 0.9501365721660554 0.9181871108885232 0.9445728122735255 0.9452716879768438 0.9471101172365043 0.9706081175755739 0.9560889521460829 0.9452523924969359 0.966396978707663 0.9545028942270808 0.9414976852146073 0.9469397974273505 0.9546774009229343 0.95104664300708 0.939977401284062 0.943843248715029 0.9293442587146045 0.9335141137100428 0.9358131469329466 0.9403775990994014 0.9402138202351145 0.9452480620207643 0.9508499382217518 0.9515190428857502 0.9558730282841043 0.9570628647176768 0.9587431955307635 0.947592711743645 0.9341731465878035 0.9537657628388232 0.9487633191488913 0.9359929400018675 0.9483151979253273 0.9506491379753128 0.9586227348942342 0.95634456431516 0.951803562401087 0.9510044032435915
-9999 -9999 -9999 -9999 0.5128903487042743 0.5457223255705459 0.9223223102513769 0.9278116152368642 0.9363742027324244 0.9511904497122855 0.948286206961619 0.9327882942654857 0.949902026549752 0.9450861798966566 0.9293768341543628 0.9253247494876828 0.9382687930237574 0.9660870015477397 0.9645775426874761 0.9499136361321971 0.9596885130750058 0.92874640098645 0.946120363695357 0.948743088467383 0.9581551848658831 0.950515797403914 0.9169164520344872 0.9303086634790235 0.9105621270579094 0.9264325000353805 0.9348552435610463 0.9462264083994223 0.953544698567622 0.9595877677541013 0.9523311373946856 0.9522866258559513 0.9589673333626773 0.9615158657927477 0.9477092879411916 0.9476246610313859 0.9400492741873802 0.9556544274763751 0.9594703672144433 0.9320898473930918 0.9472949750372577 0.9453219752214946 0.9567902767736226 0.9561270926379094 0.9297358418655163 0.9447761950934724
-9999 -9999 -9999 -9999 -9999 0.5241400339825627 0.9381093081885219 0.9277161656819167 0.9437172988363998 0.9436054956088517 0.9418920832798056 0.943755644724483 0.9551700654401427 0.9617004723807138 0.9388284829339895 0.9482251611512583 0.9500299346961546 0.9608881491155219 0.9680358983840102 0.9552262566927833 0.9557113091654644 0.9499345014136621 0.9566149325603623 0.952584757806893 0.9510381765744176 0.9568864397333403 0.9395331572408882 0.9300468698006101 0.9300970298572955 0.9223608280519374 0.9476383858306779 0.9508587788160757 0.9534761427809416 0.9492705460098766 0.9459543918414778 0.9547882439115835 0.958658786080796 0.9663403117286379 0.9584259730574328 0.9486980089629475 0.9535519393367647 0.9599499344158697 0.9674653459040821 0.9445162307580091 0.9512249415505779 0.9530779382611165 0.9547106282880564 0.9536732496106475 0.9376551814339888 0.9390459327425182
-9999 -9999 -9999 -9999 -9999 0.5126834059476894 0.5580763456913496 0.9394878196101984 0.9495374221910061 0.9475526187455733 0.9435345498090261 0.9558701107055744 0.95328764785376 0.9657906279401289 0.9613085609167755 0.9441823806103359 0.9461281732297059 0.9544668838313507 0.9694881002328193 0.9597664537373417 0.937496684341146 0.9449196353327685 0.956963855041793 0.9489979284122763 0.9544281431070237 0.9562868041646143 0.9423174901815945 0.930142834366067 0.9320794774903017 0.9409386298443404 0.9488269459830209 0.943263290622459 0.9396421637833743 0.9490354439081232 0.957035542923526 0.958558401425847 0.9574214190624877 0.9673263821525356 0.9620100583815065 0.9588725229422491 0.950781276219101 0.955955103902029 0.9667551409004432 0.9655465874797998 0.9469963264478721 0.954155832319114 0.9618730305671879 0.9653692437999609 0.9590862125146854 0.9580542989136339
-9999 -9999 -9999 -9999 -9999 -9999 0.5127874551678715 0.5293272276605236 0.556230135124208 0.5519979222583524 0.5193846821603023 0.5282178217184637 0.5314106254338087 0.532614705975593 0.5324457900178793 0.5311663959618279 0.5287362455979736 0.5319036771338794 0.5308244585782707 0.5568480872483828 0.9600492304004198 0.9596692296473279 0.9622456268068356 0.9663268687685341 0.9690489243812038 0.9674556157351207 0.954129124440881 0.9412557770022979 0.9446378142185596 0.9457597175767993 0.9367127954206921 0.9540274803158317 0.9513308340990705 0.9540116734197551 0.9608042643461601 0.9645598956067922 0.9653026417674402 0.9659849112377058 0.9670892647201713 0.9635282166492687 0.9626286440700529 0.9640132569341768 0.9660671594788048 0.9675236772728526 0.952747331535202 0.9611627830497987 0.969025237429575 0.9656843730630779 0.9556875850820993 0.9520695838815878
-9999 -9999 -9999 -9999 -9999 -9999 -9999 -9999 0.5130789614437863 0.5134692533907731 -9999 -9999 -9999 -9999 -9999 -9999 -9999 -9999 -9999 0.5287577579541441 0.9660174315769883 0.9694639514099551 0.9660437232712266 0.9630613221865368 0.9651336219340634 0.9651878471244161 0.9459631397070145 0.89606292426641 0.9269268828835626 0.9525115838211728 0.9529160220283958 0.9584511581279336 0.962204315423511 0.96274856328108 0.963231621989499 0.9639241444379251 0.9644374762863351 0.963207611390437 0.9639877366626252 0.9651389612178628 0.964154880887733 0.9660495195117631 0.9686417712043092 0.9707947373788791 0.9683950353764026 0.96694994957738 0.966667021014712 0.9661542476120496 0.9621253033332478 0.9602286561424568
-9999 -9999 -9999 -9999 -9999 -9999 -9999 -9999 -9999 -9999 -9999 -9999 -9999 -9999 -9999 -9999 -9999 -9999 -9999 0.5040786753553266 0.9536600417459857 0.9607205640598558 0.9571243093953732 0.9572196253181666 0.9554357634975753 0.9602802413552962 0.9516657319757245 0.9130254426437276 0.9272756342031168 0.9484621272105248 0.925363720435687 0.9332482488973526 0.9487309326742767 0.9468080747220273 0.9466920846876898 0.9581543895884278 0.9622178957670434 0.9621188655725477 0.9545182273029047 0.9567900210515381 0.9537886231770755 0.957526037787852 0.9619885149505693 0.9641442444522954 0.952968586676339 0.952079587388724 0.95514600037613 0.9673752515155806 0.9685092913261854 0.9631219178272449
-9999 -9999 -9999 -9999 -9999 -9999 -9999 -9999 -9999 -9999 -9999 -9999 -9999 -9999 -9999 -9999 -9999 -9999 -9999 0.5132435519158968 0.5447948086066811 0.9581237657641926 0.9516918524084337 0.9585482619814754 0.9586834428661689 0.9582011953894969 0.947789202831587 0.9117557238036496 0.9238831250168656 0.9414627995057789 0.9423829525880724 0.9449400011783522 0.9440618116668105 0.9458869059402983 0.9568548818361595 0.9534492360829515 0.9494047280709745 0.9511536763536019 0.9529173593416591 0.9572845720237723 0.9547158142486566 0.9571562158124626 0.9559128846059539 0.9593603473893654 0.9543672777246993 0.9570136476656075 0.9533635536283314 0.9610340610596853 0.9687772655208027 0.9668387879667055
-9999 -9999 -9999 -9999 -9999 -9999 -9999 -9999 -9999 -9999 -9999 -9999 -9999 -9999 -9999 -9999 -9999 -9999 -9999 -9999 0.5238241978243222 0.9560349218675794 0.9550457836309428 0.9588677092263687 0.9524496274480639 0.9554695427687697 0.948380701034302 0.9046008099711607 0.9335443893360736 0.9268725726951069 0.938638959647537 0.9505144115082284 0.9445884553744872 0.9589454940333816 0.9623254827286468 0.9622352459137646 0.963152185161922 0.9627494809808824 0.9572821727485225 0.9539876935634151 0.9544439783574635 0.9545024966860197 0.9533344961942928 0.9526281430638397 0.9523337762232528 0.9556722100798564 0.9531054214502136 0.9475838764714465 0.9576148156757237 0.9644648839993082
-9999 -9999 -9999 -9999 -9999 -9999 -9999 -9999 -9999 -9999 -9999 -9999 -9999 -9999 -9999 -9999 -9999 -9999 -9999 -9999 0.512048250887666 0.5263880787088075 0.5508835921963225 0.949444432024146 0.9456623105995345 0.9440801760575913 0.925509499999649 0.9438384511160733 0.9374733226918729 0.9382122432437154 0.9302862155675719 0.945388288631633 0.9563309512091877 0.9569701972150986 0.9511816690526391 0.9499948321325012 0.9538308136585371 0.9439711887362703 0.9460230139055601 0.9424344666066906 0.9229473160324361 0.9325014128247054 0.9484304485963385 0.9418489454400851 0.9449847668388387 0.9457246928080949 0.9455637714125245 0.9387089554896546 0.9275826049426064 0.9517516868332417
-9999 -9999 -9999 -9999 -9999 -9999 -9999 -9999 -9999 -9999 -9999 -9999 -9999 -9999 -9999 -9999 -9999 -9999 -9999 -9999 -9999 -9999 0.511840783008416 0.5502597385264608 0.9336700647356292 0.939006549317342 0.9420909443262858 0.9522103924158015 0.9457368619791365 0.9346460347096831 0.9464155796123358 0.9530556754210302 0.952401358317201 0.9465473520332276 0.943459409739816 0.9454732195435009 0.9292715603059045 0.9395076938950275 0.953733514587457 0.9555833635155483 0.9554114812008996 0.9569441017930326 0.94219067129064 0.9562344870614644 0.9557134913528634 0.9439907645530862 0.941962010929282 0.949128942221921 0.9170837987658983 0.921545500417278
-9999 -9999 -9999 -9999 -9999 -9999 -9999 -9999 -9999 -9999 -9999 -9999 -9999 -9999 -9999 -9999 -9999 -9999 -9999 -9999 -9999 -9999 -9999 0.5135605817021867 0.5327585382715954 0.5316557788435962 0.5313888571966843 0.5574267122235317 0.9626489648694911 0.9429882885594478 0.9346000613648158 0.9409820596767919 0.941897040625894 0.9304582529760602 0.9337332672619373 0.9520787523670177 0.9561848708791059 0.9629390526302044 0.9660332326567201 0.9672487340726699 0.9665825301096207 0.9609385818316142 0.9377663414871809 0.9588024621319076 0.9574630000060943 0.9515104093772526 0.9521921943615884 0.9531078249693293 0.9402590822396376 0.9229769478381641
-9999 -9999 -9999 -9999 -9999 -9999 -9999 -9999 -9999 -9999 -9999 -9999 -9999 -9999 -9999 -9999 -9999 -9999 -9999 -9999 -9999 -9999 -9999 -9999 -9999 -9999 -9999 0.5282814365410128 0.9435480795724915 0.9389948034617415 0.935176406533039 0.9374562662454647 0.9477614507260076 0.9515837263286786 0.9557959996940775 0.9636275735159344 0.9650431617828855 0.9636979822273223 0.95521784248265 0.9544234798985831 0.953286627421662 0.95020409943481 0.9434101075009783 0.9589267232871866 0.9628687057030856 0.9550766531950569 0.9508240608321016 0.9596546614945535 0.9511475251505814 0.9403111745542156
-9999 -9999 -9999 -9999 -9999 -9999 -9999 -9999 -9999 -9999 -9999 -9999 -9999 -9999 -9999 -9999 -9999 -9999 -9999 -9999 -9999 -9999 -9999 -9999 -9999 -9999 -9999 0.5043813357698513 0.9456145151323306 0.9400761835307685 0.9425186130977672 0.9493557465437998 0.9559359479315693 0.9521438883247468 0.9568501330189975 0.9633126410655257 0.9552425653226969 0.952951782591082 0.9538240226822549 0.9532440708630784 0.9583197995977668 0.9576574227864757 0.9537470227212577 0.9602245577979693 0.9638522946418859 0.9600249189420187 0.9543105106837247 0.9560355205982585 0.9552345503033682 0.9465463684263121
-9999 -9999 -9999 -9999 -9999 -9999 -9999 -9999 -9999 -9999 -9999 -9999 -9999 -9999 -9999 -9999 -9999 -9999 -9999 -9999 -9999 -9999 -9999 -9999 -9999 -9999 -9999 0.5123211768621306 0.5539362483059789 0.9513012485290401 0.9431896958685477 0.9495899358027248 0.9479458006110089 0.9543117172396813 0.9614977668772767 0.9606484723029124 0.9566494145523581 0.9518378570889335 0.9585619525798029 0.5581831536638935 0.5304592066543884 0.5290968446244652 0.5562841604868112 0.5561068016171813 0.5285799419142406 0.5324462737455739 0.5303716521836905 0.5572737397960936 0.9502251966261707 0.9268215807697414
-9999 -9999 -9999 -9999 -9999 -9999 -9999 -9999 -9999 -9999 -9999 -9999 -9999 -9999 -9999 -9999 -9999 -9999 -9999 -9999 -9999 -9999 -9999 -9999 -9999 -9999 -9999 -9999 0.5117589107376909 0.547609488138675 0.9450118160383727 0.9423385749456074 0.9388450954054375 0.9581283592673552 0.9635915028564342 0.9505544215655811 0.5484791346764674 0.5294929918761079 0.5305456657628977 0.5134779063279088 -9999 -9999 0.5127080086650527 0.5140392987772426 -9999 -9999 -9999 0.5124698333966088 0.5596618599008345 0.9410009784415265
-9999 -9999 -9999 -9999 -9999 -9999 -9999 -9999 -9999 -9999 -9999 -9999 -9999 -9999 -9999 -9999 -9999 -9999 -9999 -9999 -9999 -9999 -9999 -9999 -9999 -9999 -9999 -9999 -9999 0.5248693655557367 0.9458815741505016 0.9413420303656123 0.9553303043816339 0.5510642274762189 0.5251173174797994 0.5287777225316246 0.5139389566483413 -9999 -9999 -9999 -9999 -9999 -9999 -9999 -9999 -9999 -9999 -9999 0.5120573490434298 0.5504046185867234
-9999 -9999 -9999 -9999 -9999 -9999 -9999 -9999 -9999 -9999 -9999 -9999 -9999 -9999 -9999 -9999 -9999 -9999 -9999 -9999 -9999 -9999 -9999 -9999 -9999 -9999 -9999 -9999 -9999 0.5049465983507399 0.9397143575816443 0.9504385997522805 0.5568920466527383 0.5130572556518936 -9999 -9999 -9999 -9999 -9999 -9999 -9999 -9999 -9999 -9999 -9999 -9999 -9999 -9999 -9999 0.5265468112131347
