resources/Input/dataET_point/Cavone/6/sky_6.asc
NCOLS 81
NROWS 48
XLLCORNER 597168.0
YLLCORNER 4472456.0
CELLSIZE 240.0
NODATA_VALUE -9999
[rows 0 to 21 of 48, columns 0 to 49 of 81]
-9999 -9999 -9999 -9999 -9999 -9999 -9999 -9999 -9999 -9999 -9999 -9999 -9999 -9999 -9999 -9999 -9999 -9999 -9999 -9999 -9999 -9999 -9999 -9999 -9999 -9999 -9999 -9999 -9999 -9999 -9999 -9999 -9999 -9999 -9999 -9999 -9999 -9999 -9999 -9999 -9999 -9999 -9999 -9999 -9999 -9999 -9999 -9999 -9999 -9999
-9999 -9999 -9999 -9999 -9999 -9999 -9999 -9999 -9999 -9999 -9999 -9999 -9999 -9999 -9999 -9999 -9999 -9999 -9999 -9999 -9999 -9999 -9999 -9999 -9999 -9999 -9999 -9999 -9999 -9999 -9999 -9999 -9999 -9999 -9999 -9999 -9999 -9999 -9999 -9999 -9999 -9999 -9999 -9999 -9999 -9999 -9999 -9999 -9999 -9999
-9999 -9999 -9999 -9999 -9999 -9999 -9999 -9999 -9999 -9999 -9999 -9999 -9999 0.4817803521605971 0.526530318897773 0.9427586201970917 0.9564431007743621 0.9617868634196147 0.5225446643063129 0.5029966126267367 0.505048425764378 0.4986228900998664 0.5275534489264717 0.9552993095136736 0.9638830908087365 0.9639925363399051 0.9667427232336582 0.9645651548198105 0.960377919964727 0.5318386176869754 0.5018257790452917 0.48654619177506125 -9999 -9999 -9999 -9999 -9999 -9999 -9999 -9999 -9999 -9999 -9999 -9999 -9999 -9999 -9999 -9999 -9999 -9999
-9999 -9999 -9999 -9999 -9999 -9999 -9999 -9999 -9999 -9999 0.505250968458918 -9999 0.48493454995293445 0.5198762471498078 0.9472789384696026 0.9374965815846352 0.9545122157394098 0.9638672553062658 0.9560239842184315 0.9574833320693842 0.9667045103137152 0.9656677568387746 0.9604833259480479 0.9617219390039238 0.9663495756676043 0.9651527881604379 0.9605809398898805 0.9623143842059243 0.9572406633015706 0.9599058442330349 0.9641228194932229 0.5319341177240315 0.4839996339821999 -9999 -9999 -9999 -9999 -9999 -9999 -9999 -9999 -9999 -9999 -9999 -9999 -9999 -9999 -9999 -9999 -9999
-9999 -9999 -9999 -9999 -9999 -9999 -9999 -9999 0.48554655220393234 0.5009479530800387 0.5190402134487827 0.518780676286588 0.5313800997811294 0.9469504613148736 0.9482445022948415 0.9485178503769908 0.9399404695113528 0.9655215125938013 0.9583261788464383 0.9550433458472966 0.9638648179353728 0.9689707294335125 0.9706004183591858 0.9708361247667623 0.9678916981175053 0.9575058196286227 0.9519849718277686 0.9637747416063808 0.9609172600901034 0.9534694566737073 0.9650676592828175 0.9635644603157697 0.5306105781927213 0.5012424773913116 0.48586842890707865 -9999 -9999 -9999 -9999 -9999 -9999 -9999 -9999 -9999 -9999 -9999 -9999 -9999 -9999 -9999
-9999 -9999 -9999 -9999 -9999 -9999 -9999 0.4807362692407722 0.5186881542664998 0.9477363403826665 0.9600032171243524 0.9592638502471577 0.9535868491389449 0.94013734383856 0.9444123998320941 0.9419735485777679 0.9369865213892549 0.9645382428355184 0.9641235744652412 0.9433530265573432 0.9611982634174914 0.9618259509073948 0.9637717047297167 0.9650323568653925 0.9685170517766066 0.9633432745389552 0.9573186084911981 0.954015053858964 0.9533176140203293 0.9546736773674888 0.9609425841953657 0.9617020300032396 0.9609385988045565 0.9555187767417697 0.5331473468727506 0.48533426785010003 -9999 -9999 -9999 -9999 -9999 -9999 -9999 -9999 -9999 -9999 -9999 -9999 -9999 -9999
-9999 -9999 -9999 -9999 -9999 -9999 0.4853342678501003 0.5254960527855044 0.9484186871897284 0.9440584434229571 0.955776975346285 0.9547715381655942 0.9530662260322939 0.9477404194312711 0.9479827346553511 0.9428583114203377 0.944695673739849 0.9607849623966553 0.966202378231372 0.9457613942094161 0.9472589042348273 0.959845237937334 0.9606227533888689 0.9587236674254186 0.9573446856542351 0.9639906651425505 0.9612759726885528 0.9593992685149151 0.9490619781555295 0.9536512919946474 0.9627751313752494 0.963101034152843 0.9516310387969967 0.9508989609253176 0.9520505300451713 0.5202972421852251 0.5001532313231439 0.48570255898037745 -9999 -9999 -9999 -9999 -9999 -9999 -9999 -9999 -9999 -9999 -9999 -9999
-9999 -9999 -9999 -9999 -9999 0.4856817179158549 0.5322387785881003 0.9412474912569266 0.9563070452194175 0.9378557404958261 0.9523998619574372 0.9502515826721403 0.9513214581481659 0.9517039276506354 0.9490917405481429 0.943039809749244 0.9386718489180979 0.9598552621221529 0.9653620579039446 0.9492142830437581 0.9475695975270805 0.9581978855102495 0.9613983862141989 0.9589280748744095 0.9556517829920671 0.9624359649637018 0.9612015703475812 0.9572416775366304 0.9624218012120204 0.9615263195887517 0.9549611140933543 0.9650485620328035 0.9640884534445682 0.9548964829397305 0.9557800930362946 0.9468828018663473 0.9610332718601217 0.5308211628615069 -9999 -9999 -9999 -9999 -9999 -9999 -9999 -9999 -9999 -9999 -9999 -9999
-9999 -9999 -9999 -9999 -9999 0.504921556109702 0.9426808966095125 0.9222948797151489 0.9445739176786874 0.9390610130161867 0.9457250425105436 0.9393115227492723 0.9463361547740161 0.9458466337569217 0.954067815833448 0.9467770792897816 0.9407536334854484 0.9592775203546188 0.9635703563063628 0.9573736677673776 0.953616317051276 0.955412550637558 0.9624257729253831 0.9633813831083661 0.963864192459361 0.9635526549285376 0.9619232078720739 0.9531052606071717 0.9645279589732498 0.9646257507273568 0.9542248052658278 0.9565165617434649 0.9649218977752984 0.9625249721332204 0.9563733880740444 0.9556202446050589 0.9610430701099544 0.5307443786423535 -9999 -9999 -9999 -9999 -9999 -9999 -9999 -9999 -9999 -9999 -9999 -9999
-9999 -9999 -9999 -9999 -9999 0.5047783414086212 0.9402372330865554 0.9264286463464291 0.9291502270157722 0.9312164878212006 0.9388414072085357 0.9440965216132361 0.9374192825879051 0.94616038171437 0.9482512473861395 0.9508089776427296 0.9483945279325271 0.9567897911036759 0.9522725456433674 0.9528190115051051 0.9529502861799103 0.9562997632479907 0.9626451665012881 0.9636846425756798 0.9630191025720665 0.9623674734164213 0.9659793615843999 0.9565490786655626 0.9549362386519982 0.9643582440262746 0.9658927811509681 0.9655204883493603 0.962640606346406 0.9626482364878859 0.9578313408632634 0.9461269119867619 0.9589013265108497 0.5300111556586339 -9999 -9999 -9999 -9999 -9999 -9999 -9999 -9999 -9999 -9999 -9999 -9999
-9999 -9999 -9999 -9999 -9999 0.504921556109702 0.9440402060323031 0.9302810406659198 0.9235475551537635 0.9378952849668112 0.9480150908623892 0.9297459351583321 0.940202575507911 0.9510636192389814 0.9494531803729687 0.9496405113964532 0.939623985065738 0.9501122447889934 0.9425018073087108 0.9451339583017082 0.9450980333778132 0.9550922431437872 0.9590574479236104 0.9640823275660608 0.9641691823326142 0.9599380769779328 0.9629587553505877 0.9550386102564182 0.9591416552739248 0.9569934469520841 0.9644877474603092 0.9638878838351781 0.9654501550703997 0.9610836415160906 0.9563664998057754 0.9576806823767557 0.9626509792913044 0.503753946191671 -9999 -9999 -9999 0.4853768670090075 0.5030421080366319 0.5041753436593841 0.50429147431385 0.5046691245770843 0.5049973421998284 0.5047029146842176 0.4857110197162234 -9999
-9999 -9999 -9999 -9999 -9999 0.5024459961325144 0.9209184243453002 0.9271872561032883 0.9363380790634527 0.9554406119152208 0.9608207559517096 0.9410990560317849 0.9438827835678286 0.9518252786281618 0.9483804305786193 0.9493828051703738 0.9489899236753658 0.933398449726406 0.9333457869805583 0.9450304398634524 0.9517404065638556 0.948148761579551 0.9527188074606884 0.9605442661314915 0.960343568520176 0.9480495867571107 0.9545662267883447 0.9488090547890662 0.9617883900374462 0.9643729921167695 0.9607560677379552 0.9587960694242592 0.9588101431022974 0.9629630947856196 0.9511750238466873 0.9562194360163984 0.9616317348107878 0.5333652213084186 0.5006683955803273 0.5052076179981135 0.502150241826542 0.5314641282100646 0.9580444305361427 0.9625315998409084 0.9647382336876594 0.9658118833009902 0.9656321258365199 0.9664315426927806 0.5313267172662486 -9999
-9999 -9999 -9999 -9999 -9999 0.5040301566074217 0.9356617080935304 0.9192949114683567 0.9393522725627361 0.9627686897499481 0.9587964845840362 0.9411907844214585 0.9404462764167175 0.9469308415490092 0.9464069651920738 0.9503284388902149 0.9513927729733564 0.9461453510163774 0.9304474437282846 0.9403090829441259 0.940036726598344 0.9451537007341017 0.9466468059479551 0.952926998356854 0.9560870312456785 0.9559863417185319 0.9459807142041152 0.9458858385821393 0.9524135207843214 0.9575409658844197 0.9604979178673386 0.9643630400189465 0.9641070164400308 0.9592820615672796 0.9602053692351297 0.9573593822092815 0.953910965403189 0.9593889615535578 0.9610021658768163 0.9646223735227961 0.9694778083693152 0.9587569057884535 0.9595977586699399 0.9626382719671633 0.9661947977402702 0.9656380900955086 0.9659270989660454 0.9670375584127309 0.5017286468630564 -9999
-9999 -9999 -9999 -9999 -9999 0.5121850260124227 0.5581725989315427 0.9326309414738363 0.9556339236015373 0.9655459628824353 0.9374455506720919 0.9289006182301858 0.9345294847964887 0.9432755968596436 0.9460070275435206 0.9510242392760135 0.9638795824327165 0.950549956977968 0.9251321606013427 0.9228219117565061 0.9400842967363744 0.9445952772227866 0.9393211845267132 0.9419740141769642 0.9426620419684026 0.9327727343009709 0.9314301357799533 0.9460187014907799 0.9530780292121221 0.9542734404268904 0.9538533975221783 0.9483638867968565 0.9478335092532391 0.9601225651221972 0.9557455027399966 0.9559329999158319 0.9512257607334681 0.9495589789260958 0.9518435361416607 0.9576369019653993 0.9649532724256404 0.9613723906963872 0.9572551464829132 0.9583288354975226 0.9620698576488801 0.9609290614310529 0.9658227296110449 0.9657544544672191 0.5324378684156691 0.48513143686761695
-9999 -9999 -9999 -9999 -9999 -9999 0.5184710014554353 0.9396713889590103 0.9618565102806437 0.9578297007376846 0.9293026922608656 0.9149022107382456 0.9382897962453464 0.9452631361539057 0.9405333589111029 0.9442341090255407 0.9623409160540146 0.9262043451042522 0.9033126164358243 0.9242194111381304 0.9425499461305403 0.9415123178931077 0.9089534625989161 0.8752515446406203 0.9348870811789073 0.9405406870437347 0.9496174205819661 0.9542962892119202 0.9551714547237139 0.9595043965145683 0.9612575907110278 0.9595982188576839 0.9493613569656911 0.9554852245835748 0.9592265719894231 0.9553299747239147 0.9497236412086401 0.9503269910516062 0.9502110588607621 0.9553376465583581 0.9570673689932998 0.9672921001502333 0.9678298222681797 0.9577202429229088 0.9523291054136823 0.9620771216637671 0.9647969546909226 0.9652158854514851 0.9648440101642505 0.5307717894736944
-9999 -9999 -9999 -9999 0.485892721346241 0.5034376956842276 0.5311031539941273 0.9645312659652361 0.9697893009299197 0.9567343244893698 0.9245295234758215 0.9239871233062601 0.9406828304788788 0.9440770464773086 0.9499994342132303 0.9520346486558138 0.9615935951761158 0.8971670208594892 0.8900602507757923 0.9091307008032573 0.9184938033340884 0.9440955986834899 0.93703241474223 0.9368378454142343 0.9501632492459908 0.9497694374860455 0.9552598444380923 0.9556696907735673 0.9584600598508076 0.9576173419072428 0.9627284948719708 0.9627967058948339 0.95611423831603 0.9497066431846597 0.9565273238236486 0.9614045057230862 0.951460342427004 0.9470523968316845 0.9477546563258269 0.9569957405155304 0.9526856555688785 0.9631616386963422 0.9688708372445314 0.9657812242208013 0.9637136358372523 0.952767554927884 0.9614762928107575 0.961199935608857 0.9634964909121815 0.9647613894078859
-9999 -9999 -9999 0.4790313437930775 0.5232379492961254 0.9469098183124812 0.9671544266594643 0.9480605970162248 0.9678736364210834 0.9670856772516944 0.9442340282401268 0.9366129841891484 0.9481880228340102 0.9498673000016876 0.9536783465436504 0.9614395484883765 0.9539234915241065 0.8930296113190789 0.9207121679491344 0.9464405595140651 0.9540972629444213 0.9548105581654147 0.9569852299422242 0.9628231755171186 0.9587133225128874 0.9542974519364744 0.9486341670128412 0.9555579145123791 0.9601490945457252 0.9573198622067308 0.961673529468615 0.9626478056105063 0.9594765513927849 0.9553562405664558 0.9522837856376026 0.9591072733425461 0.9628186579009268 0.950012490252115 0.9490604399864092 0.9381338203383116 0.95822565492584 0.964631041533673 0.9648599026379665 0.9598296739759371 0.9609248806524836 0.9503444745278298 0.9562703715650307 0.9610465293846142 0.9623313549216865 0.9653571281205081
-9999 -9999 0.4864239705580818 0.5121927753527368 0.9537529390489848 0.937580666693689 0.9611739827402551 0.9644181066148977 0.9547753383171284 0.9666783512435848 0.9441698915954703 0.9527963819188879 0.9595544652197492 0.9626444313398583 0.9653012785031728 0.9575598069318852 0.9445724566575585 0.861575503225978 0.9461807979085929 0.9532053761136283 0.9585265166104011 0.9512037098046155 0.9603664031111516 0.9643736425478558 0.9537851893639328 0.9599160524834762 0.9466306369328479 0.9566953838819823 0.9604098033249283 0.959444365760923 0.9569899014123092 0.9594113090472611 0.9562286320946342 0.9525732412337138 0.9527287523302025 0.9503600864484801 0.961959006680706 0.9619871124190233 0.9478758209207288 0.9476383003843992 0.9584708119979364 0.9662335565366355 0.9680683359746991 0.9603712469492975 0.955922210411397 0.9523856500762795 0.9549240517374822 0.9577258739660763 0.9590613907380517 0.9629756663206805
-9999 -9999 0.504685592225555 0.9351305359188082 0.9478155611639566 0.9473326016900858 0.9562658058043247 0.9505171984290385 0.96107571644094 0.9639880841049 0.9377478734767534 0.9497043586360201 0.9518764969034074 0.9510036847821753 0.9275859831684333 0.8999152825588898 0.9061503119772335 0.9433310532433599 0.9543270651526559 0.9559162844011181 0.9521338337697149 0.9547035164237235 0.9620075542091535 0.9631822490053384 0.9524894947763457 0.9576872502195162 0.9594003717562315 0.9564622454917694 0.9621588449061345 0.9559052954292183 0.9488491359653041 0.9529178665720462 0.9544185658626338 0.9599040055552879 0.9599526463877791 0.9507869101062482 0.9502523396680801 0.9602223994304652 0.9510111016157564 0.9543347038863546 0.9457471613165754 0.9598630773170657 0.9684468144249174 0.9692836336628085 0.9610773083467558 0.9489654005432566 0.9595675481262336 0.9591291982418266 0.957232669855746 0.9606446917340145
-9999 -9999 0.5037370356149409 0.9239281507720141 0.932150985338364 0.9462059105750477 0.9451107976955263 0.9319010649828543 0.9469623845468841 0.9516617548087921 0.9266333645113151 0.9294246187657309 0.9184926035285039 0.9241010938992293 0.9280311462070211 0.9345571189683987 0.9239080350272747 0.937446731015713 0.9442494109084695 0.948170270020273 0.9452116225249658 0.9511642672690213 0.9550632075405552 0.9604542555782261 0.9606591739177818 0.9602779645356315 0.964064477391662 0.9584772837785098 0.9597285344205028 0.940501511798627 0.9470571706582708 0.9575569854432736 0.9565349529515652 0.9597185809476045 0.9606013304109488 0.9540377462486813 0.95009472369091 0.9467250154531011 0.9450543781435168 0.9536721849634666 0.951826855983262 0.955712781183 0.9615878623512203 0.9686500983237226 0.9679489616306424 0.9555013026156216 0.9602565033913943 0.9642883534723802 0.9631941744700675 0.9607758073801139
-9999 -9999 0.5308541982675375 0.9327947160725852 0.93742595367866 0.9439482246932915 0.938477750443337 0.9550183871846295 0.9468670040797752 0.9204351160198404 0.9394823978954016 0.9436938016877012 0.9379084743015854 0.9371519016696953 0.9366623201845443 0.9461038357234216 0.9459487611239908 0.9474334224221465 0.9428114588182698 0.9308175929003099 0.9345088315562119 0.9416881463621594 0.9604052247307358 0.947424853975411 0.9603349736098242 0.9610085954542472 0.9650773161599083 0.9516609928158226 0.9585617670245924 0.953959860073941 0.9461637542142778 0.9538371700044344 0.9341535967980285 0.9430157881879809 0.9563657895827602 0.9509086242839124 0.9568571501890023 0.9523637843559625 0.94667192470785 0.9345874254154506 0.9507919003624093 0.9562944903746547 0.9567405723557633 0.9585424294886454 0.9635647374637742 0.9641096327107365 0.959271335095663 0.9633592981282805 0.9667087418025272 0.9683396235550888
-9999 -9999 0.9415137796331917 0.9250989948478202 0.9312671430621917 0.938290735870582 0.9460826347719508 0.9583743240588413 0.9511005884856716 0.9351198987820271 0.9275180290150924 0.9257867623704209 0.931890661541487 0.937027637837493 0.9397469979270046 0.9460970973240758 0.9575873687148395 0.9611196841073708 0.9474449042881486 0.9300682888500682 0.9276424713776357 0.9507233327452459 0.9625990998882652 0.9472131584112338 0.9618708493279099 0.9661517853511374 0.9670360423265789 0.9556820820976414 0.9654156520101784 0.95890506140399 0.9363560837925504 0.9501959959067873 0.9507796054352813 0.9569488636350575 0.960350022390482 0.9513192575680619 0.9623854493358552 0.9580150823794487 0.9502415496037855 0.9309550094644319 0.9442156751379803 0.9553796928644597 0.9575467464184834 0.937732750214034 0.949356284301715 0.9593455091013353 0.9564283027052461 0.9548695187226484 0.944941077059284 0.9643448291985054
